epoch	time	train_nll	train_acc	valid_nll	valid_acc	test_nll	test_acc
0	65	2.3038	0.10390	0.0000	0.00000	2.3036	0.08920
1	128	2.2972	0.11900	0.0000	0.00000	2.3052	0.10000
2	201	2.2909	0.13090	0.0000	0.00000	2.3071	0.10000
3	268	2.2845	0.13914	0.0000	0.00000	2.3105	0.10000
4	332	2.2808	0.14266	0.0000	0.00000	2.3127	0.10000
5	394	2.2748	0.15074	0.0000	0.00000	2.3146	0.10000
6	457	2.2716	0.15094	0.0000	0.00000	2.3156	0.10000
7	521	2.2686	0.15374	0.0000	0.00000	2.3170	0.10000
8	585	2.2656	0.15516	0.0000	0.00000	2.3174	0.09990
9	647	2.2621	0.16138	0.0000	0.00000	2.3181	0.09990
10	709	2.2607	0.16262	0.0000	0.00000	2.3193	0.09310
11	771	2.2592	0.16356	0.0000	0.00000	2.3195	0.10000
12	846	2.2572	0.16650	0.0000	0.00000	2.3204	0.10000
13	919	2.2563	0.16752	0.0000	0.00000	2.3206	0.10000
14	993	2.2539	0.17188	0.0000	0.00000	2.3215	0.10000
15	1065	2.2530	0.17060	0.0000	0.00000	2.3219	0.10000
16	1139	2.2521	0.17234	0.0000	0.00000	2.3220	0.10000
17	1211	2.2501	0.17410	0.0000	0.00000	2.3223	0.10000
18	1285	2.2491	0.17564	0.0000	0.00000	2.3225	0.10000
19	1360	2.2478	0.17660	0.0000	0.00000	2.3229	0.10000
20	1437	2.2461	0.18010	0.0000	0.00000	2.3232	0.10000
21	1507	2.2452	0.18204	0.0000	0.00000	2.3228	0.10000
22	1576	2.2439	0.18448	0.0000	0.00000	2.3235	0.10000
23	1650	2.2429	0.18564	0.0000	0.00000	2.3222	0.10000
24	1721	2.2398	0.18938	0.0000	0.00000	2.3222	0.10000
25	1797	2.2387	0.19318	0.0000	0.00000	2.3221	0.10010
26	1870	2.2361	0.19598	0.0000	0.00000	2.3225	0.10000
27	1944	2.2354	0.19726	0.0000	0.00000	2.3205	0.10080
28	2015	2.2320	0.20358	0.0000	0.00000	2.3204	0.10090
29	2084	2.2302	0.20580	0.0000	0.00000	2.3187	0.10120
30	2153	2.2272	0.21234	0.0000	0.00000	2.3177	0.10310
31	2220	2.2243	0.21552	0.0000	0.00000	2.3136	0.11330
32	2285	2.2220	0.21612	0.0000	0.00000	2.3139	0.11030
33	2348	2.2212	0.21670	0.0000	0.00000	2.3055	0.12430
34	2409	2.2196	0.21972	0.0000	0.00000	2.3039	0.12710
35	2470	2.2159	0.22424	0.0000	0.00000	2.3003	0.13250
36	2530	2.2160	0.22262	0.0000	0.00000	2.2956	0.13750
37	2596	2.2125	0.22664	0.0000	0.00000	2.2892	0.14580
38	2669	2.2118	0.22798	0.0000	0.00000	2.2888	0.14620
39	2741	2.2102	0.23104	0.0000	0.00000	2.2842	0.15570
40	2814	2.2076	0.23346	0.0000	0.00000	2.2798	0.16100
41	2887	2.2070	0.23338	0.0000	0.00000	2.2785	0.16290
42	2961	2.2053	0.23568	0.0000	0.00000	2.2736	0.17010
43	3029	2.2016	0.24086	0.0000	0.00000	2.2749	0.16710
44	3097	2.1988	0.24622	0.0000	0.00000	2.2657	0.17540
45	3166	2.1956	0.24992	0.0000	0.00000	2.2657	0.17430
46	3235	2.1936	0.24970	0.0000	0.00000	2.2590	0.17850
47	3303	2.1913	0.25328	0.0000	0.00000	2.2534	0.18420
48	3372	2.1896	0.25436	0.0000	0.00000	2.2577	0.17790
49	3442	2.1845	0.26012	0.0000	0.00000	2.2514	0.18350
50	3512	2.1832	0.26406	0.0000	0.00000	2.2537	0.18330
51	3581	2.1804	0.26602	0.0000	0.00000	2.2490	0.18740
52	3648	2.1795	0.26512	0.0000	0.00000	2.2500	0.18630
53	3714	2.1766	0.26826	0.0000	0.00000	2.2456	0.18920
54	3780	2.1751	0.27112	0.0000	0.00000	2.2408	0.19610
55	3844	2.1717	0.27418	0.0000	0.00000	2.2493	0.18580
56	3906	2.1703	0.27506	0.0000	0.00000	2.2537	0.18180
57	3968	2.1676	0.27826	0.0000	0.00000	2.2473	0.18800
58	4029	2.1659	0.28180	0.0000	0.00000	2.2531	0.18210
59	4090	2.1639	0.28298	0.0000	0.00000	2.2453	0.19190
60	4150	2.1619	0.28316	0.0000	0.00000	2.2530	0.18300
61	4209	2.1589	0.28718	0.0000	0.00000	2.2448	0.19210
62	4281	2.1576	0.28874	0.0000	0.00000	2.2424	0.19610
63	4362	2.1553	0.29108	0.0000	0.00000	2.2400	0.19880
64	4443	2.1537	0.29172	0.0000	0.00000	2.2412	0.19590
65	4523	2.1540	0.29242	0.0000	0.00000	2.2329	0.20720
66	4600	2.1520	0.29454	0.0000	0.00000	2.2352	0.20230
67	4677	2.1475	0.29854	0.0000	0.00000	2.2332	0.20640
68	4758	2.1496	0.29478	0.0000	0.00000	2.2357	0.20250
69	4841	2.1463	0.30058	0.0000	0.00000	2.2365	0.20290
70	4924	2.1452	0.30220	0.0000	0.00000	2.2403	0.19800
71	5003	2.1431	0.30592	0.0000	0.00000	2.2242	0.21580
72	5084	2.1415	0.30760	0.0000	0.00000	2.2264	0.21450
73	5167	2.1395	0.30834	0.0000	0.00000	2.2236	0.21700
74	5246	2.1401	0.30698	0.0000	0.00000	2.2273	0.21320
75	5332	2.1369	0.31312	0.0000	0.00000	2.2205	0.21960
76	5413	2.1364	0.31092	0.0000	0.00000	2.2151	0.22590
77	5497	2.1360	0.31200	0.0000	0.00000	2.2210	0.22070
78	5577	2.1355	0.31166	0.0000	0.00000	2.2209	0.22050
79	5660	2.1346	0.31398	0.0000	0.00000	2.2178	0.22430
80	5741	2.1295	0.31908	0.0000	0.00000	2.2160	0.22500
81	5822	2.1300	0.32000	0.0000	0.00000	2.2192	0.22160
82	5904	2.1304	0.31810	0.0000	0.00000	2.2130	0.22850
83	5984	2.1276	0.32140	0.0000	0.00000	2.2149	0.22650
84	6058	2.1270	0.32104	0.0000	0.00000	2.2090	0.23500
85	6123	2.1237	0.32650	0.0000	0.00000	2.2098	0.23240
86	6206	2.1253	0.32304	0.0000	0.00000	2.2039	0.23870
87	6286	2.1236	0.32488	0.0000	0.00000	2.2001	0.24200
88	6368	2.1209	0.32856	0.0000	0.00000	2.1995	0.24230
89	6449	2.1195	0.32904	0.0000	0.00000	2.2054	0.23590
90	6524	2.1192	0.33182	0.0000	0.00000	2.2131	0.22580
91	6603	2.1168	0.33330	0.0000	0.00000	2.1967	0.24610
92	6690	2.1172	0.33302	0.0000	0.00000	2.1939	0.24840
93	6774	2.1140	0.33576	0.0000	0.00000	2.2016	0.23900
94	6856	2.1127	0.33850	0.0000	0.00000	2.1874	0.25500
95	6941	2.1109	0.33892	0.0000	0.00000	2.1848	0.25600
96	7032	2.1087	0.34252	0.0000	0.00000	2.1900	0.25080
97	7115	2.1111	0.33948	0.0000	0.00000	2.1781	0.26430
98	7199	2.1077	0.34222	0.0000	0.00000	2.1799	0.26070
99	7290	2.1053	0.34672	0.0000	0.00000	2.1935	0.24630
100	7372	2.1027	0.34954	0.0000	0.00000	2.1758	0.26500
101	7452	2.1021	0.35176	0.0000	0.00000	2.1817	0.25970
102	7534	2.0997	0.35184	0.0000	0.00000	2.1869	0.25510
103	7617	2.0999	0.35214	0.0000	0.00000	2.1855	0.25620
104	7703	2.0971	0.35580	0.0000	0.00000	2.1774	0.26190
105	7787	2.0957	0.35612	0.0000	0.00000	2.1842	0.25680
106	7871	2.0918	0.36198	0.0000	0.00000	2.1822	0.26040
107	7944	2.0913	0.36246	0.0000	0.00000	2.1794	0.26300
108	8017	2.0897	0.36450	0.0000	0.00000	2.1757	0.26800
109	8094	2.0876	0.36626	0.0000	0.00000	2.1645	0.28080
110	8176	2.0871	0.36742	0.0000	0.00000	2.1701	0.27300
111	8262	2.0859	0.36816	0.0000	0.00000	2.1624	0.28630
112	8348	2.0828	0.37254	0.0000	0.00000	2.1568	0.29600
113	8428	2.0829	0.37204	0.0000	0.00000	2.1542	0.29850
114	8507	2.0819	0.37284	0.0000	0.00000	2.1492	0.30480
115	8585	2.0793	0.37588	0.0000	0.00000	2.1369	0.31600
116	8663	2.0786	0.37452	0.0000	0.00000	2.1572	0.29570
117	8745	2.0768	0.37796	0.0000	0.00000	2.1345	0.32290
118	8823	2.0715	0.38400	0.0000	0.00000	2.1398	0.31680
119	8901	2.0718	0.38298	0.0000	0.00000	2.1614	0.29140
120	8972	2.0717	0.38342	0.0000	0.00000	2.1323	0.32510
121	9038	2.0690	0.38662	0.0000	0.00000	2.1343	0.32100
122	9107	2.0665	0.38870	0.0000	0.00000	2.1402	0.31080
123	9188	2.0661	0.38828	0.0000	0.00000	2.1331	0.32180
124	9266	2.0645	0.39080	0.0000	0.00000	2.1236	0.33470
125	9345	2.0653	0.38996	0.0000	0.00000	2.1188	0.33930
126	9425	2.0617	0.39382	0.0000	0.00000	2.1165	0.34290
127	9504	2.0625	0.39242	0.0000	0.00000	2.1106	0.34970
128	9585	2.0591	0.39654	0.0000	0.00000	2.1215	0.33810
129	9661	2.0599	0.39570	0.0000	0.00000	2.1228	0.33530
130	9734	2.0564	0.39930	0.0000	0.00000	2.1132	0.34550
131	9811	2.0534	0.40310	0.0000	0.00000	2.1088	0.35100
132	9887	2.0538	0.40162	0.0000	0.00000	2.0999	0.35610
133	9967	2.0528	0.40234	0.0000	0.00000	2.0885	0.36920
134	10045	2.0506	0.40494	0.0000	0.00000	2.0922	0.36590
135	10118	2.0514	0.40352	0.0000	0.00000	2.0872	0.37230
136	10200	2.0478	0.40806	0.0000	0.00000	2.0856	0.36900
137	10274	2.0470	0.40896	0.0000	0.00000	2.0867	0.37060
138	10350	2.0449	0.41104	0.0000	0.00000	2.0941	0.36390
139	10426	2.0448	0.41118	0.0000	0.00000	2.0862	0.37040
140	10501	2.0415	0.41446	0.0000	0.00000	2.0814	0.37530
141	10576	2.0402	0.41644	0.0000	0.00000	2.0819	0.37660
142	10649	2.0400	0.41518	0.0000	0.00000	2.0716	0.38570
143	10721	2.0373	0.41860	0.0000	0.00000	2.0582	0.39650
144	10806	2.0360	0.41946	0.0000	0.00000	2.0715	0.38460
145	10884	2.0338	0.42170	0.0000	0.00000	2.0717	0.38400
146	10966	2.0327	0.42470	0.0000	0.00000	2.0539	0.40120
147	11048	2.0332	0.42334	0.0000	0.00000	2.0549	0.39910
148	11130	2.0327	0.42378	0.0000	0.00000	2.0572	0.39810
149	11210	2.0296	0.42594	0.0000	0.00000	2.0442	0.41160
150	11282	2.0279	0.42822	0.0000	0.00000	2.0477	0.40810
151	11363	2.0263	0.43034	0.0000	0.00000	2.0395	0.41610
152	11442	2.0278	0.42856	0.0000	0.00000	2.0585	0.39560
153	11517	2.0245	0.43296	0.0000	0.00000	2.0370	0.41890
154	11586	2.0220	0.43400	0.0000	0.00000	2.0312	0.42610
155	11654	2.0200	0.43650	0.0000	0.00000	2.0478	0.40880
156	11733	2.0190	0.43794	0.0000	0.00000	2.0302	0.42740
157	11803	2.0192	0.43712	0.0000	0.00000	2.0277	0.42950
158	11879	2.0169	0.43992	0.0000	0.00000	2.0122	0.44260
159	11955	2.0173	0.43916	0.0000	0.00000	2.0114	0.44480
160	12032	2.0155	0.44142	0.0000	0.00000	2.0223	0.43400
161	12111	2.0137	0.44268	0.0000	0.00000	2.0252	0.43280
162	12185	2.0114	0.44618	0.0000	0.00000	2.0178	0.44240
163	12264	2.0116	0.44510	0.0000	0.00000	2.0166	0.44080
164	12337	2.0109	0.44646	0.0000	0.00000	2.0050	0.45260
165	12414	2.0105	0.44718	0.0000	0.00000	2.0136	0.44580
166	12491	2.0069	0.45036	0.0000	0.00000	2.0175	0.44060
167	12563	2.0059	0.45070	0.0000	0.00000	2.0064	0.45130
168	12643	2.0044	0.45336	0.0000	0.00000	2.0104	0.44630
169	12724	2.0049	0.45312	0.0000	0.00000	1.9950	0.46180
170	12800	2.0045	0.45138	0.0000	0.00000	1.9896	0.46700
171	12876	2.0014	0.45566	0.0000	0.00000	1.9893	0.46780
172	12956	2.0014	0.45694	0.0000	0.00000	2.0077	0.44820
173	13030	2.0004	0.45730	0.0000	0.00000	2.0003	0.45510
174	13106	1.9970	0.46154	0.0000	0.00000	2.0006	0.45630
175	13185	1.9934	0.46402	0.0000	0.00000	1.9780	0.48010
176	13260	1.9954	0.46200	0.0000	0.00000	1.9920	0.46580
177	13335	1.9926	0.46504	0.0000	0.00000	1.9909	0.46630
178	13408	1.9921	0.46550	0.0000	0.00000	1.9970	0.46030
179	13479	1.9949	0.46138	0.0000	0.00000	1.9755	0.48110
180	13552	1.9909	0.46692	0.0000	0.00000	1.9656	0.49180
181	13627	1.9865	0.47134	0.0000	0.00000	1.9822	0.47420
182	13711	1.9896	0.46778	0.0000	0.00000	1.9758	0.48300
183	13792	1.9882	0.46882	0.0000	0.00000	1.9809	0.47660
184	13873	1.9855	0.47216	0.0000	0.00000	1.9609	0.49650
185	13951	1.9849	0.47284	0.0000	0.00000	1.9701	0.48750
186	14022	1.9825	0.47592	0.0000	0.00000	1.9611	0.49720
187	14097	1.9816	0.47472	0.0000	0.00000	1.9769	0.48080
188	14167	1.9835	0.47316	0.0000	0.00000	1.9600	0.49790
189	14234	1.9788	0.47840	0.0000	0.00000	1.9687	0.48910
190	14308	1.9786	0.47946	0.0000	0.00000	1.9659	0.49230
191	14391	1.9780	0.47970	0.0000	0.00000	1.9662	0.49340
192	14476	1.9761	0.48234	0.0000	0.00000	1.9640	0.49260
193	14555	1.9750	0.48192	0.0000	0.00000	1.9637	0.49450
194	14634	1.9743	0.48258	0.0000	0.00000	1.9671	0.48920
195	14718	1.9714	0.48588	0.0000	0.00000	1.9501	0.50910
196	14796	1.9706	0.48852	0.0000	0.00000	1.9742	0.48640
197	14875	1.9707	0.48626	0.0000	0.00000	1.9419	0.51580
198	14956	1.9702	0.48720	0.0000	0.00000	1.9517	0.50660
199	15031	1.9678	0.48942	0.0000	0.00000	1.9488	0.51050
200	15110	1.9658	0.49258	0.0000	0.00000	1.9333	0.52530
201	15183	1.9651	0.49406	0.0000	0.00000	1.9421	0.51550
202	15264	1.9638	0.49350	0.0000	0.00000	1.9423	0.51620
203	15346	1.9629	0.49506	0.0000	0.00000	1.9312	0.52800
204	15426	1.9625	0.49492	0.0000	0.00000	1.9344	0.52390
205	15487	1.9607	0.49772	0.0000	0.00000	1.9259	0.53270
206	15530	1.9640	0.49200	0.0000	0.00000	1.9344	0.52230
207	15574	1.9601	0.49772	0.0000	0.00000	1.9364	0.52110
208	15617	1.9611	0.49800	0.0000	0.00000	1.9322	0.52710
209	15661	1.9570	0.50160	0.0000	0.00000	1.9355	0.52300
210	15704	1.9543	0.50524	0.0000	0.00000	1.9214	0.53610
211	15747	1.9566	0.50088	0.0000	0.00000	1.9223	0.53550
212	15790	1.9540	0.50436	0.0000	0.00000	1.9276	0.53150
213	15834	1.9542	0.50276	0.0000	0.00000	1.9194	0.53730
214	15876	1.9540	0.50486	0.0000	0.00000	1.9248	0.53400
215	15920	1.9539	0.50372	0.0000	0.00000	1.9204	0.53790
216	15963	1.9495	0.50832	0.0000	0.00000	1.9253	0.53270
217	16006	1.9492	0.50878	0.0000	0.00000	1.9136	0.54620
218	16049	1.9492	0.50868	0.0000	0.00000	1.9192	0.53910
219	16092	1.9467	0.51120	0.0000	0.00000	1.9153	0.54240
220	16136	1.9454	0.51354	0.0000	0.00000	1.9156	0.54250
221	16179	1.9445	0.51376	0.0000	0.00000	1.9110	0.54830
222	16223	1.9443	0.51398	0.0000	0.00000	1.9084	0.55140
223	16266	1.9424	0.51500	0.0000	0.00000	1.9045	0.55400
224	16309	1.9447	0.51408	0.0000	0.00000	1.9020	0.55750
225	16353	1.9416	0.51620	0.0000	0.00000	1.9036	0.55620
226	16396	1.9400	0.51740	0.0000	0.00000	1.9021	0.55670
227	16439	1.9392	0.51872	0.0000	0.00000	1.9104	0.54890
228	16482	1.9388	0.51978	0.0000	0.00000	1.9011	0.55920
229	16525	1.9395	0.51966	0.0000	0.00000	1.8946	0.56580
230	16568	1.9376	0.52028	0.0000	0.00000	1.8905	0.56910
231	16611	1.9367	0.52114	0.0000	0.00000	1.9119	0.54740
232	16655	1.9351	0.52280	0.0000	0.00000	1.8910	0.56860
233	16698	1.9337	0.52458	0.0000	0.00000	1.8992	0.55920
234	16741	1.9334	0.52526	0.0000	0.00000	1.8963	0.56240
235	16784	1.9351	0.52242	0.0000	0.00000	1.8935	0.56470
236	16827	1.9348	0.52266	0.0000	0.00000	1.8908	0.56860
237	16871	1.9302	0.52906	0.0000	0.00000	1.8875	0.57160
238	16914	1.9328	0.52534	0.0000	0.00000	1.8805	0.57890
239	16957	1.9293	0.52928	0.0000	0.00000	1.8808	0.57810
240	17000	1.9285	0.52986	0.0000	0.00000	1.8880	0.57100
241	17044	1.9260	0.53216	0.0000	0.00000	1.8810	0.57730
242	17087	1.9274	0.53126	0.0000	0.00000	1.8895	0.56860
243	17130	1.9238	0.53382	0.0000	0.00000	1.8836	0.57490
244	17173	1.9279	0.53054	0.0000	0.00000	1.8876	0.57270
245	17216	1.9211	0.53772	0.0000	0.00000	1.8835	0.57550
246	17260	1.9237	0.53416	0.0000	0.00000	1.8857	0.57110
247	17303	1.9230	0.53548	0.0000	0.00000	1.8828	0.57530
248	17347	1.9216	0.53716	0.0000	0.00000	1.8860	0.57230
249	17390	1.9208	0.53818	0.0000	0.00000	1.8787	0.57900
250	17433	1.9208	0.53760	0.0000	0.00000	1.8847	0.57530
251	17477	1.9201	0.53746	0.0000	0.00000	1.8816	0.57540
252	17520	1.9191	0.53884	0.0000	0.00000	1.8792	0.57950
253	17564	1.9202	0.53828	0.0000	0.00000	1.8828	0.57570
254	17607	1.9169	0.54216	0.0000	0.00000	1.8787	0.58030
255	17650	1.9183	0.54024	0.0000	0.00000	1.8786	0.57990
256	17694	1.9156	0.54250	0.0000	0.00000	1.8748	0.58380
257	17737	1.9146	0.54320	0.0000	0.00000	1.8728	0.58420
258	17781	1.9169	0.54186	0.0000	0.00000	1.8745	0.58420
259	17824	1.9136	0.54426	0.0000	0.00000	1.8719	0.58630
260	17867	1.9107	0.54784	0.0000	0.00000	1.8735	0.58500
261	17910	1.9124	0.54612	0.0000	0.00000	1.8671	0.59200
262	17954	1.9143	0.54488	0.0000	0.00000	1.8702	0.58770
263	17997	1.9112	0.54818	0.0000	0.00000	1.8644	0.59440
264	18040	1.9096	0.54906	0.0000	0.00000	1.8703	0.58860
265	18084	1.9105	0.54626	0.0000	0.00000	1.8700	0.58690
266	18127	1.9095	0.54846	0.0000	0.00000	1.8716	0.58620
267	18170	1.9107	0.54778	0.0000	0.00000	1.8673	0.59170
268	18213	1.9097	0.54822	0.0000	0.00000	1.8632	0.59490
269	18256	1.9063	0.55254	0.0000	0.00000	1.8633	0.59410
270	18300	1.9062	0.55156	0.0000	0.00000	1.8649	0.59440
271	18343	1.9059	0.55244	0.0000	0.00000	1.8586	0.59880
272	18386	1.9042	0.55408	0.0000	0.00000	1.8679	0.58980
273	18430	1.9011	0.55776	0.0000	0.00000	1.8679	0.59110
274	18473	1.9023	0.55646	0.0000	0.00000	1.8594	0.59960
275	18517	1.9050	0.55378	0.0000	0.00000	1.8565	0.60120
276	18560	1.9022	0.55546	0.0000	0.00000	1.8701	0.58810
277	18603	1.9025	0.55498	0.0000	0.00000	1.8654	0.59240
278	18646	1.9000	0.55844	0.0000	0.00000	1.8575	0.60160
279	18690	1.8992	0.55936	0.0000	0.00000	1.8603	0.59670
280	18733	1.9003	0.55800	0.0000	0.00000	1.8591	0.59890
281	18776	1.8979	0.56036	0.0000	0.00000	1.8571	0.60130
282	18820	1.8954	0.56304	0.0000	0.00000	1.8458	0.61330
283	18863	1.8982	0.55992	0.0000	0.00000	1.8488	0.60970
284	18906	1.8976	0.56080	0.0000	0.00000	1.8502	0.60980
285	18950	1.8974	0.56078	0.0000	0.00000	1.8467	0.61280
286	18993	1.8973	0.56134	0.0000	0.00000	1.8529	0.60560
287	19037	1.8975	0.56012	0.0000	0.00000	1.8523	0.60650
288	19080	1.8942	0.56428	0.0000	0.00000	1.8418	0.61670
289	19123	1.8923	0.56602	0.0000	0.00000	1.8465	0.61210
290	19167	1.8925	0.56608	0.0000	0.00000	1.8426	0.61770
291	19210	1.8929	0.56530	0.0000	0.00000	1.8453	0.61390
292	19253	1.8921	0.56598	0.0000	0.00000	1.8527	0.60720
293	19297	1.8898	0.56962	0.0000	0.00000	1.8450	0.61490
294	19340	1.8895	0.56984	0.0000	0.00000	1.8424	0.61670
295	19383	1.8898	0.56844	0.0000	0.00000	1.8516	0.60720
296	19427	1.8901	0.56780	0.0000	0.00000	1.8418	0.61760
297	19470	1.8860	0.57318	0.0000	0.00000	1.8454	0.61220
298	19513	1.8871	0.57154	0.0000	0.00000	1.8451	0.61330
299	19556	1.8871	0.57126	0.0000	0.00000	1.8433	0.61510
300	19599	1.8851	0.57388	0.0000	0.00000	1.8358	0.62310
301	19643	1.8848	0.57418	0.0000	0.00000	1.8443	0.61520
302	19686	1.8850	0.57262	0.0000	0.00000	1.8429	0.61460
303	19730	1.8841	0.57346	0.0000	0.00000	1.8417	0.61660
304	19773	1.8847	0.57358	0.0000	0.00000	1.8476	0.61090
305	19817	1.8818	0.57692	0.0000	0.00000	1.8394	0.62040
306	19860	1.8817	0.57632	0.0000	0.00000	1.8398	0.61890
307	19903	1.8827	0.57546	0.0000	0.00000	1.8367	0.62330
308	19946	1.8832	0.57482	0.0000	0.00000	1.8398	0.62010
309	19990	1.8802	0.57680	0.0000	0.00000	1.8414	0.61810
310	20033	1.8823	0.57614	0.0000	0.00000	1.8344	0.62520
311	20077	1.8774	0.58128	0.0000	0.00000	1.8296	0.62930
312	20121	1.8811	0.57674	0.0000	0.00000	1.8424	0.61560
313	20164	1.8797	0.57812	0.0000	0.00000	1.8336	0.62660
314	20208	1.8806	0.57708	0.0000	0.00000	1.8316	0.62700
315	20251	1.8768	0.58206	0.0000	0.00000	1.8316	0.62660
316	20295	1.8778	0.58146	0.0000	0.00000	1.8285	0.62960
317	20339	1.8752	0.58264	0.0000	0.00000	1.8293	0.63020
318	20382	1.8756	0.58248	0.0000	0.00000	1.8315	0.62640
319	20426	1.8765	0.58200	0.0000	0.00000	1.8364	0.62170
320	20470	1.8746	0.58452	0.0000	0.00000	1.8279	0.63180
321	20513	1.8769	0.58202	0.0000	0.00000	1.8353	0.62470
322	20557	1.8739	0.58374	0.0000	0.00000	1.8245	0.63420
323	20600	1.8730	0.58492	0.0000	0.00000	1.8254	0.63510
324	20644	1.8731	0.58602	0.0000	0.00000	1.8322	0.62780
325	20688	1.8724	0.58604	0.0000	0.00000	1.8287	0.62990
326	20732	1.8695	0.58952	0.0000	0.00000	1.8241	0.63510
327	20775	1.8721	0.58678	0.0000	0.00000	1.8227	0.63680
328	20819	1.8709	0.58718	0.0000	0.00000	1.8224	0.63540
329	20863	1.8680	0.59098	0.0000	0.00000	1.8238	0.63510
330	20906	1.8714	0.58594	0.0000	0.00000	1.8270	0.63330
331	20950	1.8656	0.59390	0.0000	0.00000	1.8212	0.63860
332	20993	1.8645	0.59604	0.0000	0.00000	1.8154	0.64480
333	21037	1.8658	0.59366	0.0000	0.00000	1.8220	0.63600
334	21081	1.8642	0.59556	0.0000	0.00000	1.8140	0.64460
335	21124	1.8643	0.59526	0.0000	0.00000	1.8218	0.63850
336	21168	1.8622	0.59716	0.0000	0.00000	1.8142	0.64690
337	21212	1.8596	0.60040	0.0000	0.00000	1.8097	0.65030
338	21256	1.8621	0.59850	0.0000	0.00000	1.8152	0.64570
339	21299	1.8618	0.59826	0.0000	0.00000	1.8163	0.64270
340	21343	1.8594	0.59988	0.0000	0.00000	1.8119	0.64620
341	21387	1.8573	0.60308	0.0000	0.00000	1.8102	0.64820
342	21430	1.8570	0.60310	0.0000	0.00000	1.8068	0.65290
343	21474	1.8573	0.60198	0.0000	0.00000	1.8075	0.64970
344	21518	1.8571	0.60318	0.0000	0.00000	1.8077	0.65110
345	21561	1.8550	0.60512	0.0000	0.00000	1.8138	0.64590
346	21605	1.8556	0.60446	0.0000	0.00000	1.8067	0.65240
347	21648	1.8565	0.60334	0.0000	0.00000	1.8082	0.65180
348	21692	1.8534	0.60562	0.0000	0.00000	1.8033	0.65480
349	21736	1.8518	0.60828	0.0000	0.00000	1.8087	0.65190
350	21779	1.8508	0.60862	0.0000	0.00000	1.8035	0.65670
351	21823	1.8511	0.60922	0.0000	0.00000	1.8018	0.65870
352	21866	1.8484	0.61246	0.0000	0.00000	1.7977	0.66120
353	21910	1.8527	0.60808	0.0000	0.00000	1.8001	0.65860
354	21953	1.8480	0.61194	0.0000	0.00000	1.8013	0.65750
355	21997	1.8491	0.61132	0.0000	0.00000	1.8013	0.65890
356	22040	1.8466	0.61374	0.0000	0.00000	1.7945	0.66420
357	22084	1.8473	0.61230	0.0000	0.00000	1.7964	0.66080
358	22127	1.8451	0.61478	0.0000	0.00000	1.7924	0.66810
359	22171	1.8444	0.61524	0.0000	0.00000	1.7939	0.66410
360	22214	1.8429	0.61728	0.0000	0.00000	1.7926	0.66620
361	22257	1.8422	0.61894	0.0000	0.00000	1.7905	0.66980
362	22301	1.8427	0.61740	0.0000	0.00000	1.7900	0.66980
363	22344	1.8403	0.61998	0.0000	0.00000	1.7866	0.67220
364	22388	1.8417	0.61836	0.0000	0.00000	1.7872	0.67130
365	22431	1.8403	0.61920	0.0000	0.00000	1.7863	0.67450
366	22475	1.8399	0.62006	0.0000	0.00000	1.7886	0.67030
367	22518	1.8386	0.62114	0.0000	0.00000	1.7888	0.67120
368	22561	1.8383	0.62132	0.0000	0.00000	1.7848	0.67410
369	22605	1.8362	0.62362	0.0000	0.00000	1.7831	0.67460
370	22648	1.8386	0.62104	0.0000	0.00000	1.7873	0.67290
371	22691	1.8365	0.62310	0.0000	0.00000	1.7877	0.67320
372	22734	1.8344	0.62616	0.0000	0.00000	1.7864	0.67430
373	22777	1.8333	0.62630	0.0000	0.00000	1.7819	0.67690
374	22821	1.8356	0.62424	0.0000	0.00000	1.7789	0.68080
375	22864	1.8321	0.62790	0.0000	0.00000	1.7840	0.67520
376	22907	1.8305	0.62932	0.0000	0.00000	1.7751	0.68400
377	22951	1.8330	0.62710	0.0000	0.00000	1.7807	0.67860
378	22994	1.8308	0.62974	0.0000	0.00000	1.7784	0.68250
379	23037	1.8311	0.62920	0.0000	0.00000	1.7788	0.68070
380	23080	1.8298	0.63046	0.0000	0.00000	1.7737	0.68610
381	23124	1.8292	0.63028	0.0000	0.00000	1.7819	0.67790
382	23167	1.8293	0.63062	0.0000	0.00000	1.7798	0.67750
383	23210	1.8279	0.63310	0.0000	0.00000	1.7698	0.69070
384	23254	1.8261	0.63328	0.0000	0.00000	1.7765	0.68350
385	23297	1.8272	0.63196	0.0000	0.00000	1.7729	0.68750
386	23341	1.8284	0.63124	0.0000	0.00000	1.7673	0.69120
387	23384	1.8269	0.63328	0.0000	0.00000	1.7774	0.68270
388	23428	1.8268	0.63308	0.0000	0.00000	1.7739	0.68550
389	23471	1.8232	0.63770	0.0000	0.00000	1.7748	0.68420
390	23514	1.8240	0.63534	0.0000	0.00000	1.7734	0.68560
391	23558	1.8224	0.63856	0.0000	0.00000	1.7670	0.69120
392	23601	1.8236	0.63628	0.0000	0.00000	1.7734	0.68540
393	23644	1.8198	0.64064	0.0000	0.00000	1.7652	0.69450
394	23688	1.8213	0.63910	0.0000	0.00000	1.7771	0.68170
395	23731	1.8221	0.63790	0.0000	0.00000	1.7673	0.69280
396	23775	1.8209	0.63930	0.0000	0.00000	1.7747	0.68440
397	23818	1.8232	0.63752	0.0000	0.00000	1.7678	0.69340
398	23862	1.8214	0.63810	0.0000	0.00000	1.7603	0.70120
399	23905	1.8212	0.63904	0.0000	0.00000	1.7609	0.69950
400	23948	1.8178	0.64116	0.0000	0.00000	1.7638	0.69660
401	23992	1.8177	0.64304	0.0000	0.00000	1.7765	0.68460
402	24035	1.8185	0.64214	0.0000	0.00000	1.7630	0.69730
403	24078	1.8173	0.64346	0.0000	0.00000	1.7673	0.69400
404	24122	1.8178	0.64192	0.0000	0.00000	1.7660	0.69330
405	24165	1.8164	0.64380	0.0000	0.00000	1.7599	0.69990
406	24209	1.8153	0.64426	0.0000	0.00000	1.7701	0.68980
407	24252	1.8169	0.64290	0.0000	0.00000	1.7603	0.69920
408	24295	1.8140	0.64656	0.0000	0.00000	1.7613	0.69800
409	24339	1.8131	0.64724	0.0000	0.00000	1.7594	0.70010
410	24382	1.8153	0.64476	0.0000	0.00000	1.7593	0.70130
411	24426	1.8135	0.64634	0.0000	0.00000	1.7646	0.69450
412	24469	1.8126	0.64736	0.0000	0.00000	1.7628	0.69680
413	24512	1.8132	0.64600	0.0000	0.00000	1.7583	0.70160
414	24556	1.8115	0.64812	0.0000	0.00000	1.7574	0.70130
415	24599	1.8117	0.64806	0.0000	0.00000	1.7564	0.70350
416	24643	1.8108	0.64944	0.0000	0.00000	1.7569	0.70280
417	24686	1.8100	0.65046	0.0000	0.00000	1.7580	0.70160
418	24729	1.8080	0.65112	0.0000	0.00000	1.7500	0.71120
419	24773	1.8080	0.65146	0.0000	0.00000	1.7561	0.70210
420	24816	1.8063	0.65358	0.0000	0.00000	1.7498	0.71120
421	24859	1.8078	0.65236	0.0000	0.00000	1.7577	0.70170
422	24903	1.8096	0.64938	0.0000	0.00000	1.7581	0.70190
423	24946	1.8071	0.65318	0.0000	0.00000	1.7541	0.70570
424	24989	1.8063	0.65328	0.0000	0.00000	1.7521	0.70690
425	25033	1.8028	0.65814	0.0000	0.00000	1.7530	0.70650
426	25076	1.8034	0.65688	0.0000	0.00000	1.7560	0.70470
427	25120	1.8047	0.65502	0.0000	0.00000	1.7540	0.70450
428	25163	1.8046	0.65638	0.0000	0.00000	1.7493	0.71060
429	25207	1.8025	0.65702	0.0000	0.00000	1.7480	0.71110
430	25250	1.8040	0.65574	0.0000	0.00000	1.7486	0.71010
431	25293	1.8017	0.65834	0.0000	0.00000	1.7497	0.71050
432	25336	1.8010	0.65974	0.0000	0.00000	1.7485	0.71130
433	25380	1.8021	0.65842	0.0000	0.00000	1.7469	0.71320
434	25423	1.7987	0.66264	0.0000	0.00000	1.7435	0.71760
435	25467	1.8005	0.65944	0.0000	0.00000	1.7489	0.71160
436	25510	1.7990	0.66102	0.0000	0.00000	1.7493	0.71080
437	25553	1.7994	0.66012	0.0000	0.00000	1.7516	0.70870
438	25596	1.7989	0.66148	0.0000	0.00000	1.7508	0.70890
439	25640	1.7992	0.66058	0.0000	0.00000	1.7462	0.71270
440	25683	1.7981	0.66146	0.0000	0.00000	1.7440	0.71500
441	25726	1.7988	0.66146	0.0000	0.00000	1.7531	0.70690
442	25769	1.7960	0.66436	0.0000	0.00000	1.7493	0.71120
443	25812	1.7969	0.66310	0.0000	0.00000	1.7457	0.71440
444	25856	1.7962	0.66468	0.0000	0.00000	1.7427	0.71830
445	25899	1.7947	0.66526	0.0000	0.00000	1.7436	0.71650
446	25942	1.7961	0.66428	0.0000	0.00000	1.7459	0.71450
447	25985	1.7948	0.66568	0.0000	0.00000	1.7433	0.71670
448	26029	1.7936	0.66724	0.0000	0.00000	1.7409	0.71950
449	26072	1.7932	0.66622	0.0000	0.00000	1.7399	0.72020
450	26115	1.7931	0.66838	0.0000	0.00000	1.7381	0.72340
451	26159	1.7911	0.66900	0.0000	0.00000	1.7358	0.72390
452	26202	1.7929	0.66754	0.0000	0.00000	1.7350	0.72460
453	26245	1.7919	0.66768	0.0000	0.00000	1.7377	0.72150
454	26289	1.7914	0.66882	0.0000	0.00000	1.7413	0.71840
455	26332	1.7911	0.66888	0.0000	0.00000	1.7361	0.72310
456	26375	1.7910	0.66934	0.0000	0.00000	1.7325	0.72720
457	26418	1.7899	0.67052	0.0000	0.00000	1.7310	0.72830
458	26462	1.7879	0.67256	0.0000	0.00000	1.7305	0.72960
459	26505	1.7886	0.67208	0.0000	0.00000	1.7386	0.72080
460	26548	1.7876	0.67336	0.0000	0.00000	1.7365	0.72410
461	26591	1.7876	0.67228	0.0000	0.00000	1.7350	0.72520
462	26635	1.7867	0.67312	0.0000	0.00000	1.7322	0.72640
463	26678	1.7854	0.67478	0.0000	0.00000	1.7281	0.73320
464	26721	1.7867	0.67352	0.0000	0.00000	1.7303	0.73070
465	26765	1.7863	0.67350	0.0000	0.00000	1.7308	0.72910
466	26808	1.7862	0.67346	0.0000	0.00000	1.7311	0.72920
467	26851	1.7838	0.67660	0.0000	0.00000	1.7266	0.73260
468	26894	1.7846	0.67534	0.0000	0.00000	1.7299	0.72930
469	26938	1.7848	0.67552	0.0000	0.00000	1.7287	0.73170
470	26981	1.7850	0.67498	0.0000	0.00000	1.7281	0.73250
471	27024	1.7835	0.67684	0.0000	0.00000	1.7277	0.73310
472	27068	1.7841	0.67636	0.0000	0.00000	1.7251	0.73470
473	27111	1.7807	0.67970	0.0000	0.00000	1.7300	0.73160
474	27154	1.7820	0.67786	0.0000	0.00000	1.7253	0.73590
475	27197	1.7804	0.67994	0.0000	0.00000	1.7283	0.73200
476	27241	1.7807	0.67930	0.0000	0.00000	1.7219	0.73900
477	27284	1.7809	0.67980	0.0000	0.00000	1.7222	0.73600
478	27327	1.7779	0.68238	0.0000	0.00000	1.7246	0.73460
479	27371	1.7783	0.68190	0.0000	0.00000	1.7194	0.74220
480	27414	1.7764	0.68368	0.0000	0.00000	1.7248	0.73450
481	27458	1.7760	0.68464	0.0000	0.00000	1.7175	0.74160
482	27502	1.7799	0.67938	0.0000	0.00000	1.7232	0.73640
483	27545	1.7774	0.68282	0.0000	0.00000	1.7226	0.73770
484	27589	1.7796	0.68138	0.0000	0.00000	1.7216	0.73870
485	27633	1.7750	0.68468	0.0000	0.00000	1.7134	0.74660
486	27676	1.7771	0.68376	0.0000	0.00000	1.7217	0.73910
487	27720	1.7760	0.68384	0.0000	0.00000	1.7190	0.74060
488	27764	1.7740	0.68674	0.0000	0.00000	1.7173	0.74320
489	27808	1.7730	0.68810	0.0000	0.00000	1.7188	0.74130
490	27851	1.7724	0.68768	0.0000	0.00000	1.7173	0.74220
491	27895	1.7744	0.68572	0.0000	0.00000	1.7154	0.74500
492	27938	1.7728	0.68744	0.0000	0.00000	1.7118	0.74850
493	27981	1.7727	0.68780	0.0000	0.00000	1.7147	0.74700
494	28025	1.7727	0.68760	0.0000	0.00000	1.7142	0.74520
495	28068	1.7711	0.68874	0.0000	0.00000	1.7128	0.74630
496	28111	1.7732	0.68698	0.0000	0.00000	1.7156	0.74330
497	28154	1.7703	0.68990	0.0000	0.00000	1.7206	0.73870
498	28197	1.7691	0.69176	0.0000	0.00000	1.7176	0.74140
499	28239	1.7702	0.69086	0.0000	0.00000	1.7133	0.74480
