epoch	time	train_nll	train_acc	valid_nll	valid_acc	test_nll	test_acc
0	41	2.2293	0.20656	0.0000	0.00000	2.1450	0.29930
1	83	2.1624	0.28406	0.0000	0.00000	2.1226	0.32500
2	124	2.1340	0.31848	0.0000	0.00000	2.0826	0.37300
3	165	2.1189	0.33330	0.0000	0.00000	2.0512	0.40150
4	207	2.1049	0.34814	0.0000	0.00000	2.0582	0.39710
5	248	2.0927	0.36122	0.0000	0.00000	2.0339	0.42340
6	290	2.0799	0.37494	0.0000	0.00000	2.0249	0.43040
7	331	2.0718	0.38398	0.0000	0.00000	2.0111	0.44530
8	373	2.0668	0.38832	0.0000	0.00000	2.0094	0.44630
9	414	2.0560	0.39864	0.0000	0.00000	1.9982	0.45810
10	456	2.0478	0.40878	0.0000	0.00000	2.0086	0.44830
11	498	2.0443	0.41192	0.0000	0.00000	1.9855	0.47070
12	539	2.0359	0.42034	0.0000	0.00000	2.0166	0.44100
13	581	2.0293	0.42690	0.0000	0.00000	1.9654	0.49420
14	622	2.0164	0.43994	0.0000	0.00000	1.9442	0.51130
15	664	2.0107	0.44614	0.0000	0.00000	1.9369	0.52210
16	705	2.0031	0.45294	0.0000	0.00000	1.9516	0.50680
17	747	1.9982	0.45840	0.0000	0.00000	1.9234	0.53470
18	789	1.9873	0.46884	0.0000	0.00000	1.9125	0.54610
19	830	1.9809	0.47564	0.0000	0.00000	1.9109	0.54620
20	872	1.9727	0.48424	0.0000	0.00000	1.9090	0.54920
21	913	1.9722	0.48474	0.0000	0.00000	1.9086	0.54840
22	955	1.9635	0.49318	0.0000	0.00000	1.9113	0.54670
23	996	1.9587	0.49764	0.0000	0.00000	1.8922	0.56620
24	1038	1.9521	0.50426	0.0000	0.00000	1.8791	0.57900
25	1080	1.9454	0.51238	0.0000	0.00000	1.8861	0.57190
26	1121	1.9422	0.51588	0.0000	0.00000	1.8755	0.58320
27	1163	1.9372	0.52036	0.0000	0.00000	1.8697	0.58980
28	1204	1.9340	0.52306	0.0000	0.00000	1.8661	0.59230
29	1246	1.9292	0.52818	0.0000	0.00000	1.8575	0.60060
30	1288	1.9279	0.53004	0.0000	0.00000	1.8539	0.60390
31	1329	1.9216	0.53652	0.0000	0.00000	1.8420	0.61560
32	1371	1.9142	0.54414	0.0000	0.00000	1.8539	0.60580
33	1413	1.9137	0.54412	0.0000	0.00000	1.8421	0.61650
34	1454	1.9067	0.55080	0.0000	0.00000	1.8328	0.62560
35	1496	1.9034	0.55374	0.0000	0.00000	1.8320	0.62670
36	1537	1.8993	0.55852	0.0000	0.00000	1.8224	0.63680
37	1579	1.8952	0.56306	0.0000	0.00000	1.8335	0.62600
38	1621	1.8974	0.56034	0.0000	0.00000	1.8267	0.63260
39	1662	1.8932	0.56486	0.0000	0.00000	1.8230	0.63520
40	1704	1.8870	0.57042	0.0000	0.00000	1.8179	0.64200
41	1745	1.8872	0.57132	0.0000	0.00000	1.8204	0.63930
42	1787	1.8861	0.57222	0.0000	0.00000	1.8320	0.62770
43	1829	1.8842	0.57402	0.0000	0.00000	1.8148	0.64420
44	1870	1.8792	0.57880	0.0000	0.00000	1.8150	0.64350
45	1912	1.8761	0.58290	0.0000	0.00000	1.8174	0.64230
46	1954	1.8785	0.58022	0.0000	0.00000	1.8004	0.65930
47	1995	1.8728	0.58644	0.0000	0.00000	1.8068	0.65330
48	2037	1.8709	0.58752	0.0000	0.00000	1.8114	0.64900
49	2078	1.8662	0.59258	0.0000	0.00000	1.8089	0.65020
50	2120	1.8656	0.59348	0.0000	0.00000	1.7996	0.65900
51	2162	1.8608	0.59804	0.0000	0.00000	1.8002	0.65940
52	2203	1.8600	0.59928	0.0000	0.00000	1.8342	0.62560
53	2245	1.8602	0.59872	0.0000	0.00000	1.7899	0.66920
54	2286	1.8575	0.60196	0.0000	0.00000	1.7986	0.66150
55	2328	1.8539	0.60478	0.0000	0.00000	1.7854	0.67400
56	2370	1.8561	0.60262	0.0000	0.00000	1.7805	0.67840
57	2411	1.8516	0.60774	0.0000	0.00000	1.7868	0.67250
58	2453	1.8486	0.60978	0.0000	0.00000	1.7800	0.67970
59	2494	1.8489	0.60990	0.0000	0.00000	1.7962	0.66320
60	2536	1.8425	0.61664	0.0000	0.00000	1.7721	0.68770
61	2578	1.8439	0.61518	0.0000	0.00000	1.7822	0.67740
62	2619	1.8432	0.61558	0.0000	0.00000	1.7737	0.68550
63	2661	1.8402	0.61878	0.0000	0.00000	1.7851	0.67630
64	2703	1.8376	0.62208	0.0000	0.00000	1.7730	0.68700
65	2744	1.8365	0.62290	0.0000	0.00000	1.7769	0.68360
66	2786	1.8325	0.62670	0.0000	0.00000	1.7641	0.69640
67	2827	1.8331	0.62606	0.0000	0.00000	1.7704	0.68910
68	2869	1.8307	0.62838	0.0000	0.00000	1.7644	0.69640
69	2911	1.8320	0.62738	0.0000	0.00000	1.7728	0.68790
70	2952	1.8279	0.63122	0.0000	0.00000	1.7564	0.70360
71	2994	1.8274	0.63172	0.0000	0.00000	1.7579	0.70250
72	3036	1.8248	0.63430	0.0000	0.00000	1.7600	0.70030
73	3077	1.8182	0.64124	0.0000	0.00000	1.7624	0.69690
74	3119	1.8202	0.63914	0.0000	0.00000	1.7490	0.71070
75	3161	1.8179	0.64122	0.0000	0.00000	1.7448	0.71530
76	3202	1.8179	0.64102	0.0000	0.00000	1.7505	0.71040
77	3244	1.8177	0.64136	0.0000	0.00000	1.7509	0.70820
78	3285	1.8166	0.64204	0.0000	0.00000	1.7456	0.71520
79	3327	1.8145	0.64510	0.0000	0.00000	1.7793	0.68180
80	3369	1.8119	0.64696	0.0000	0.00000	1.7382	0.72240
81	3410	1.8079	0.65152	0.0000	0.00000	1.7400	0.71950
82	3452	1.8054	0.65416	0.0000	0.00000	1.7344	0.72620
83	3493	1.8036	0.65604	0.0000	0.00000	1.7370	0.72350
84	3535	1.8055	0.65344	0.0000	0.00000	1.7431	0.71610
85	3577	1.8034	0.65566	0.0000	0.00000	1.7479	0.71220
86	3618	1.8018	0.65750	0.0000	0.00000	1.7379	0.72170
87	3660	1.8011	0.65854	0.0000	0.00000	1.7265	0.73320
88	3702	1.7981	0.66086	0.0000	0.00000	1.7311	0.72930
89	3744	1.7946	0.66472	0.0000	0.00000	1.7337	0.72530
90	3786	1.7970	0.66226	0.0000	0.00000	1.7301	0.73000
91	3827	1.7939	0.66530	0.0000	0.00000	1.7229	0.73700
92	3869	1.7938	0.66546	0.0000	0.00000	1.7231	0.73710
93	3910	1.7874	0.67194	0.0000	0.00000	1.7235	0.73670
94	3952	1.7899	0.66954	0.0000	0.00000	1.7598	0.70020
95	3994	1.7898	0.67000	0.0000	0.00000	1.7153	0.74520
96	4035	1.7880	0.67090	0.0000	0.00000	1.7435	0.71610
97	4077	1.7857	0.67360	0.0000	0.00000	1.7413	0.71810
98	4119	1.7863	0.67324	0.0000	0.00000	1.7194	0.74160
99	4160	1.7820	0.67716	0.0000	0.00000	1.7183	0.74120
100	4202	1.7829	0.67662	0.0000	0.00000	1.7172	0.74260
101	4244	1.7827	0.67666	0.0000	0.00000	1.7063	0.75450
102	4286	1.7767	0.68260	0.0000	0.00000	1.7057	0.75410
103	4327	1.7779	0.68140	0.0000	0.00000	1.7025	0.75790
104	4369	1.7790	0.68034	0.0000	0.00000	1.7050	0.75510
105	4411	1.7722	0.68754	0.0000	0.00000	1.6958	0.76370
106	4452	1.7736	0.68558	0.0000	0.00000	1.7015	0.75820
107	4494	1.7729	0.68664	0.0000	0.00000	1.7004	0.75830
108	4536	1.7692	0.69076	0.0000	0.00000	1.7100	0.74960
109	4577	1.7743	0.68486	0.0000	0.00000	1.7033	0.75730
110	4619	1.7700	0.68940	0.0000	0.00000	1.7107	0.75050
111	4661	1.7650	0.69486	0.0000	0.00000	1.7160	0.74390
112	4702	1.7710	0.68818	0.0000	0.00000	1.7087	0.75240
113	4744	1.7654	0.69434	0.0000	0.00000	1.7014	0.75970
114	4786	1.7646	0.69514	0.0000	0.00000	1.7279	0.73350
115	4827	1.7658	0.69406	0.0000	0.00000	1.7003	0.75980
116	4869	1.7612	0.69822	0.0000	0.00000	1.7008	0.75990
117	4911	1.7645	0.69528	0.0000	0.00000	1.6948	0.76610
118	4953	1.7611	0.69852	0.0000	0.00000	1.6978	0.76220
119	4994	1.7600	0.69942	0.0000	0.00000	1.6942	0.76600
120	5036	1.7582	0.70184	0.0000	0.00000	1.6919	0.76820
121	5078	1.7578	0.70192	0.0000	0.00000	1.6899	0.76990
122	5119	1.7558	0.70356	0.0000	0.00000	1.6897	0.77140
123	5161	1.7563	0.70356	0.0000	0.00000	1.6896	0.77060
124	5203	1.7523	0.70752	0.0000	0.00000	1.6885	0.77070
125	5244	1.7563	0.70346	0.0000	0.00000	1.6947	0.76420
126	5286	1.7522	0.70750	0.0000	0.00000	1.6870	0.77300
127	5328	1.7536	0.70582	0.0000	0.00000	1.6847	0.77440
128	5370	1.7516	0.70830	0.0000	0.00000	1.6806	0.77940
129	5411	1.7471	0.71276	0.0000	0.00000	1.6797	0.77870
130	5453	1.7478	0.71234	0.0000	0.00000	1.6832	0.77690
131	5495	1.7480	0.71158	0.0000	0.00000	1.6860	0.77410
132	5537	1.7463	0.71334	0.0000	0.00000	1.6805	0.77930
133	5579	1.7489	0.71030	0.0000	0.00000	1.6817	0.77900
134	5620	1.7444	0.71540	0.0000	0.00000	1.6786	0.78090
135	5662	1.7461	0.71382	0.0000	0.00000	1.6720	0.78780
136	5704	1.7423	0.71756	0.0000	0.00000	1.6823	0.77740
137	5745	1.7427	0.71764	0.0000	0.00000	1.6779	0.78210
138	5787	1.7380	0.72170	0.0000	0.00000	1.6732	0.78610
139	5829	1.7396	0.72048	0.0000	0.00000	1.6709	0.78910
140	5870	1.7392	0.72070	0.0000	0.00000	1.6740	0.78520
141	5912	1.7398	0.71994	0.0000	0.00000	1.6767	0.78360
142	5954	1.7379	0.72180	0.0000	0.00000	1.6755	0.78530
143	5995	1.7393	0.72014	0.0000	0.00000	1.6724	0.78860
144	6037	1.7372	0.72268	0.0000	0.00000	1.6806	0.78030
145	6079	1.7367	0.72304	0.0000	0.00000	1.6735	0.78620
146	6121	1.7369	0.72264	0.0000	0.00000	1.6814	0.77910
147	6163	1.7357	0.72426	0.0000	0.00000	1.6707	0.78900
148	6204	1.7367	0.72352	0.0000	0.00000	1.6680	0.79190
149	6246	1.7308	0.72922	0.0000	0.00000	1.6657	0.79490
150	6288	1.7311	0.72866	0.0000	0.00000	1.6676	0.79270
151	6329	1.7327	0.72648	0.0000	0.00000	1.6729	0.78740
152	6371	1.7286	0.73138	0.0000	0.00000	1.6661	0.79300
153	6412	1.7294	0.73038	0.0000	0.00000	1.6713	0.78850
154	6454	1.7278	0.73214	0.0000	0.00000	1.6658	0.79400
155	6496	1.7306	0.72896	0.0000	0.00000	1.6723	0.78800
156	6537	1.7272	0.73344	0.0000	0.00000	1.6678	0.79300
157	6579	1.7260	0.73362	0.0000	0.00000	1.6693	0.79070
158	6621	1.7238	0.73572	0.0000	0.00000	1.6612	0.79970
159	6662	1.7240	0.73572	0.0000	0.00000	1.6628	0.79740
160	6704	1.7221	0.73790	0.0000	0.00000	1.6652	0.79680
161	6746	1.7224	0.73764	0.0000	0.00000	1.6580	0.80130
162	6787	1.7237	0.73572	0.0000	0.00000	1.6634	0.79600
163	6829	1.7245	0.73546	0.0000	0.00000	1.6659	0.79390
164	6871	1.7251	0.73502	0.0000	0.00000	1.6557	0.80360
165	6912	1.7209	0.73924	0.0000	0.00000	1.6580	0.80240
166	6954	1.7240	0.73602	0.0000	0.00000	1.6639	0.79710
167	6996	1.7228	0.73700	0.0000	0.00000	1.6578	0.80280
168	7037	1.7217	0.73838	0.0000	0.00000	1.6639	0.79580
169	7079	1.7212	0.73822	0.0000	0.00000	1.6608	0.80020
170	7121	1.7195	0.74068	0.0000	0.00000	1.6624	0.79700
171	7162	1.7194	0.74080	0.0000	0.00000	1.6567	0.80320
172	7204	1.7183	0.74152	0.0000	0.00000	1.6577	0.80290
173	7246	1.7198	0.73988	0.0000	0.00000	1.6610	0.79940
174	7287	1.7170	0.74284	0.0000	0.00000	1.6529	0.80730
175	7329	1.7147	0.74484	0.0000	0.00000	1.6584	0.80070
176	7371	1.7131	0.74680	0.0000	0.00000	1.6544	0.80600
177	7412	1.7141	0.74584	0.0000	0.00000	1.6547	0.80530
178	7454	1.7149	0.74484	0.0000	0.00000	1.6529	0.80730
179	7496	1.7155	0.74400	0.0000	0.00000	1.6492	0.81140
180	7537	1.7158	0.74382	0.0000	0.00000	1.6492	0.81060
181	7579	1.7129	0.74700	0.0000	0.00000	1.6494	0.81080
182	7621	1.7127	0.74780	0.0000	0.00000	1.6515	0.80910
183	7662	1.7119	0.74806	0.0000	0.00000	1.6509	0.80920
184	7704	1.7141	0.74554	0.0000	0.00000	1.6485	0.81250
185	7746	1.7113	0.74870	0.0000	0.00000	1.6636	0.79530
186	7787	1.7096	0.75098	0.0000	0.00000	1.6664	0.79400
187	7829	1.7121	0.74828	0.0000	0.00000	1.6537	0.80610
188	7870	1.7094	0.75126	0.0000	0.00000	1.6485	0.81230
189	7912	1.7099	0.75048	0.0000	0.00000	1.6490	0.81070
190	7954	1.7083	0.75202	0.0000	0.00000	1.6515	0.80900
191	7996	1.7086	0.75158	0.0000	0.00000	1.6491	0.81110
192	8037	1.7059	0.75410	0.0000	0.00000	1.6443	0.81620
193	8079	1.7060	0.75384	0.0000	0.00000	1.6441	0.81640
194	8120	1.7060	0.75422	0.0000	0.00000	1.6450	0.81490
195	8162	1.7037	0.75694	0.0000	0.00000	1.6516	0.80980
196	8204	1.7068	0.75286	0.0000	0.00000	1.6510	0.80950
197	8245	1.7067	0.75358	0.0000	0.00000	1.6437	0.81610
198	8287	1.7068	0.75320	0.0000	0.00000	1.6451	0.81510
199	8329	1.7050	0.75490	0.0000	0.00000	1.6408	0.81900
200	8370	1.7032	0.75678	0.0000	0.00000	1.6475	0.81310
201	8412	1.7053	0.75498	0.0000	0.00000	1.6421	0.81850
202	8454	1.7022	0.75788	0.0000	0.00000	1.6438	0.81600
203	8495	1.7004	0.75976	0.0000	0.00000	1.6419	0.81840
204	8537	1.6986	0.76164	0.0000	0.00000	1.6420	0.81820
205	8579	1.6987	0.76166	0.0000	0.00000	1.6497	0.81070
206	8621	1.7008	0.75942	0.0000	0.00000	1.6412	0.81890
207	8662	1.6985	0.76166	0.0000	0.00000	1.6634	0.79550
208	8704	1.7004	0.75966	0.0000	0.00000	1.6417	0.81850
209	8745	1.6988	0.76136	0.0000	0.00000	1.6434	0.81710
210	8787	1.6973	0.76304	0.0000	0.00000	1.6449	0.81590
211	8829	1.6960	0.76426	0.0000	0.00000	1.6378	0.82290
212	8870	1.6983	0.76166	0.0000	0.00000	1.6375	0.82300
213	8912	1.6963	0.76348	0.0000	0.00000	1.6467	0.81360
214	8954	1.6980	0.76212	0.0000	0.00000	1.6391	0.82210
215	8995	1.6955	0.76486	0.0000	0.00000	1.6410	0.81900
216	9037	1.6933	0.76768	0.0000	0.00000	1.6387	0.82160
217	9079	1.6942	0.76568	0.0000	0.00000	1.6384	0.82210
218	9120	1.6983	0.76156	0.0000	0.00000	1.6423	0.81750
219	9162	1.6926	0.76736	0.0000	0.00000	1.6338	0.82620
220	9204	1.6934	0.76686	0.0000	0.00000	1.6453	0.81620
221	9245	1.6943	0.76604	0.0000	0.00000	1.6363	0.82410
222	9287	1.6931	0.76660	0.0000	0.00000	1.6423	0.81810
223	9329	1.6913	0.76864	0.0000	0.00000	1.6393	0.82070
224	9371	1.6936	0.76646	0.0000	0.00000	1.6321	0.82790
225	9412	1.6913	0.76860	0.0000	0.00000	1.6311	0.82920
226	9454	1.6930	0.76744	0.0000	0.00000	1.6438	0.81750
227	9495	1.6906	0.76890	0.0000	0.00000	1.6405	0.81910
228	9537	1.6889	0.77088	0.0000	0.00000	1.6377	0.82300
229	9579	1.6897	0.77046	0.0000	0.00000	1.6387	0.82110
230	9620	1.6922	0.76754	0.0000	0.00000	1.6325	0.82770
231	9662	1.6895	0.77098	0.0000	0.00000	1.6320	0.82780
232	9704	1.6869	0.77312	0.0000	0.00000	1.6364	0.82340
233	9746	1.6891	0.77136	0.0000	0.00000	1.6468	0.81410
234	9788	1.6885	0.77184	0.0000	0.00000	1.6324	0.82740
235	9829	1.6883	0.77164	0.0000	0.00000	1.6329	0.82790
236	9871	1.6872	0.77312	0.0000	0.00000	1.6349	0.82540
237	9912	1.6886	0.77168	0.0000	0.00000	1.6280	0.83260
238	9954	1.6866	0.77386	0.0000	0.00000	1.6321	0.82870
239	9996	1.6840	0.77624	0.0000	0.00000	1.6303	0.83010
240	10037	1.6884	0.77156	0.0000	0.00000	1.6339	0.82640
241	10079	1.6891	0.77118	0.0000	0.00000	1.6327	0.82730
242	10121	1.6858	0.77412	0.0000	0.00000	1.6373	0.82330
243	10162	1.6841	0.77554	0.0000	0.00000	1.6343	0.82520
244	10204	1.6878	0.77228	0.0000	0.00000	1.6271	0.83350
245	10246	1.6851	0.77484	0.0000	0.00000	1.6307	0.82980
246	10287	1.6838	0.77632	0.0000	0.00000	1.6350	0.82500
247	10329	1.6825	0.77736	0.0000	0.00000	1.6309	0.82890
248	10371	1.6818	0.77850	0.0000	0.00000	1.6301	0.83110
249	10412	1.6827	0.77768	0.0000	0.00000	1.6262	0.83350
250	10454	1.6836	0.77654	0.0000	0.00000	1.6330	0.82730
251	10496	1.6840	0.77638	0.0000	0.00000	1.6318	0.82940
252	10537	1.6807	0.77948	0.0000	0.00000	1.6281	0.83240
253	10579	1.6827	0.77790	0.0000	0.00000	1.6248	0.83530
254	10621	1.6830	0.77664	0.0000	0.00000	1.6302	0.83020
255	10662	1.6820	0.77790	0.0000	0.00000	1.6290	0.83140
256	10704	1.6817	0.77864	0.0000	0.00000	1.6278	0.83210
257	10745	1.6793	0.78072	0.0000	0.00000	1.6261	0.83410
258	10787	1.6788	0.78148	0.0000	0.00000	1.6291	0.83060
259	10829	1.6786	0.78154	0.0000	0.00000	1.6290	0.83140
260	10870	1.6794	0.78100	0.0000	0.00000	1.6271	0.83350
261	10912	1.6787	0.78138	0.0000	0.00000	1.6296	0.83080
262	10954	1.6782	0.78194	0.0000	0.00000	1.6217	0.83920
263	10996	1.6777	0.78244	0.0000	0.00000	1.6290	0.83140
264	11037	1.6783	0.78210	0.0000	0.00000	1.6264	0.83350
265	11079	1.6772	0.78286	0.0000	0.00000	1.6255	0.83470
266	11121	1.6785	0.78080	0.0000	0.00000	1.6294	0.83100
267	11162	1.6761	0.78402	0.0000	0.00000	1.6261	0.83510
268	11204	1.6805	0.77964	0.0000	0.00000	1.6258	0.83360
269	11246	1.6776	0.78284	0.0000	0.00000	1.6235	0.83750
270	11287	1.6798	0.78024	0.0000	0.00000	1.6209	0.84000
271	11329	1.6766	0.78316	0.0000	0.00000	1.6225	0.83750
272	11371	1.6748	0.78534	0.0000	0.00000	1.6228	0.83670
273	11412	1.6742	0.78586	0.0000	0.00000	1.6260	0.83420
274	11454	1.6739	0.78678	0.0000	0.00000	1.6225	0.83810
275	11496	1.6752	0.78506	0.0000	0.00000	1.6239	0.83620
276	11538	1.6767	0.78338	0.0000	0.00000	1.6253	0.83440
277	11580	1.6731	0.78692	0.0000	0.00000	1.6250	0.83570
278	11621	1.6720	0.78798	0.0000	0.00000	1.6188	0.84140
279	11663	1.6729	0.78730	0.0000	0.00000	1.6197	0.84050
280	11705	1.6729	0.78710	0.0000	0.00000	1.6190	0.84150
281	11746	1.6726	0.78778	0.0000	0.00000	1.6192	0.84190
282	11788	1.6712	0.78916	0.0000	0.00000	1.6242	0.83600
283	11830	1.6715	0.78890	0.0000	0.00000	1.6248	0.83560
284	11871	1.6719	0.78856	0.0000	0.00000	1.6200	0.84030
285	11913	1.6708	0.78958	0.0000	0.00000	1.6190	0.84150
286	11955	1.6732	0.78766	0.0000	0.00000	1.6197	0.84140
287	11996	1.6696	0.79044	0.0000	0.00000	1.6175	0.84330
288	12038	1.6710	0.78894	0.0000	0.00000	1.6190	0.84230
289	12080	1.6680	0.79240	0.0000	0.00000	1.6167	0.84370
290	12122	1.6706	0.78992	0.0000	0.00000	1.6186	0.84110
291	12163	1.6707	0.78904	0.0000	0.00000	1.6192	0.84070
292	12205	1.6682	0.79144	0.0000	0.00000	1.6230	0.83720
293	12247	1.6715	0.78858	0.0000	0.00000	1.6202	0.84080
294	12288	1.6673	0.79288	0.0000	0.00000	1.6186	0.84200
295	12330	1.6710	0.78964	0.0000	0.00000	1.6180	0.84240
296	12372	1.6680	0.79264	0.0000	0.00000	1.6204	0.84060
297	12414	1.6705	0.78936	0.0000	0.00000	1.6169	0.84310
298	12455	1.6682	0.79228	0.0000	0.00000	1.6158	0.84510
299	12497	1.6687	0.79140	0.0000	0.00000	1.6204	0.84040
300	12539	1.6666	0.79370	0.0000	0.00000	1.6218	0.83880
301	12580	1.6668	0.79332	0.0000	0.00000	1.6192	0.84100
302	12622	1.6655	0.79510	0.0000	0.00000	1.6192	0.84120
303	12664	1.6659	0.79432	0.0000	0.00000	1.6130	0.84700
304	12706	1.6677	0.79216	0.0000	0.00000	1.6199	0.84000
305	12747	1.6650	0.79512	0.0000	0.00000	1.6137	0.84660
306	12789	1.6639	0.79666	0.0000	0.00000	1.6137	0.84680
307	12830	1.6657	0.79478	0.0000	0.00000	1.6141	0.84620
308	12872	1.6631	0.79706	0.0000	0.00000	1.6171	0.84310
309	12914	1.6640	0.79634	0.0000	0.00000	1.6153	0.84560
310	12956	1.6649	0.79560	0.0000	0.00000	1.6170	0.84340
311	12997	1.6641	0.79600	0.0000	0.00000	1.6180	0.84240
312	13039	1.6607	0.79944	0.0000	0.00000	1.6135	0.84690
313	13081	1.6626	0.79772	0.0000	0.00000	1.6136	0.84660
314	13122	1.6639	0.79638	0.0000	0.00000	1.6180	0.84170
315	13164	1.6616	0.79910	0.0000	0.00000	1.6129	0.84710
316	13206	1.6601	0.79980	0.0000	0.00000	1.6153	0.84540
317	13247	1.6630	0.79696	0.0000	0.00000	1.6127	0.84730
318	13289	1.6601	0.80046	0.0000	0.00000	1.6123	0.84770
319	13331	1.6615	0.79850	0.0000	0.00000	1.6117	0.84990
320	13373	1.6630	0.79742	0.0000	0.00000	1.6141	0.84640
321	13414	1.6626	0.79794	0.0000	0.00000	1.6159	0.84460
322	13456	1.6593	0.80072	0.0000	0.00000	1.6159	0.84470
323	13498	1.6611	0.79904	0.0000	0.00000	1.6115	0.84890
324	13540	1.6610	0.79910	0.0000	0.00000	1.6115	0.84930
325	13581	1.6595	0.80078	0.0000	0.00000	1.6130	0.84770
326	13623	1.6622	0.79778	0.0000	0.00000	1.6169	0.84300
327	13665	1.6578	0.80276	0.0000	0.00000	1.6121	0.84850
328	13706	1.6630	0.79748	0.0000	0.00000	1.6101	0.85000
329	13748	1.6606	0.80020	0.0000	0.00000	1.6185	0.84180
330	13790	1.6613	0.79918	0.0000	0.00000	1.6199	0.84080
331	13832	1.6590	0.80150	0.0000	0.00000	1.6147	0.84600
332	13873	1.6583	0.80176	0.0000	0.00000	1.6130	0.84750
333	13915	1.6607	0.79930	0.0000	0.00000	1.6152	0.84520
334	13957	1.6562	0.80418	0.0000	0.00000	1.6099	0.85120
335	13999	1.6586	0.80142	0.0000	0.00000	1.6121	0.84850
336	14041	1.6591	0.80114	0.0000	0.00000	1.6156	0.84520
337	14083	1.6569	0.80346	0.0000	0.00000	1.6102	0.84980
338	14124	1.6587	0.80130	0.0000	0.00000	1.6104	0.85060
339	14166	1.6556	0.80500	0.0000	0.00000	1.6113	0.84950
340	14208	1.6557	0.80484	0.0000	0.00000	1.6100	0.85110
341	14249	1.6563	0.80388	0.0000	0.00000	1.6117	0.84900
342	14291	1.6553	0.80516	0.0000	0.00000	1.6076	0.85310
343	14333	1.6532	0.80730	0.0000	0.00000	1.6105	0.84980
344	14375	1.6566	0.80398	0.0000	0.00000	1.6159	0.84490
345	14416	1.6529	0.80794	0.0000	0.00000	1.6130	0.84740
346	14458	1.6534	0.80664	0.0000	0.00000	1.6121	0.84900
347	14500	1.6557	0.80480	0.0000	0.00000	1.6137	0.84700
348	14542	1.6556	0.80482	0.0000	0.00000	1.6128	0.84780
349	14584	1.6536	0.80682	0.0000	0.00000	1.6132	0.84730
350	14626	1.6541	0.80648	0.0000	0.00000	1.6078	0.85250
351	14667	1.6519	0.80838	0.0000	0.00000	1.6198	0.84160
352	14709	1.6552	0.80490	0.0000	0.00000	1.6183	0.84290
353	14751	1.6560	0.80464	0.0000	0.00000	1.6115	0.84880
354	14792	1.6584	0.80198	0.0000	0.00000	1.6157	0.84480
355	14834	1.6570	0.80378	0.0000	0.00000	1.6087	0.85220
356	14876	1.6540	0.80656	0.0000	0.00000	1.6119	0.84800
357	14917	1.6514	0.80870	0.0000	0.00000	1.6108	0.84930
358	14959	1.6556	0.80472	0.0000	0.00000	1.6074	0.85310
359	15001	1.6522	0.80790	0.0000	0.00000	1.6076	0.85270
360	15043	1.6554	0.80496	0.0000	0.00000	1.6102	0.84990
361	15084	1.6519	0.80884	0.0000	0.00000	1.6089	0.85050
362	15126	1.6531	0.80702	0.0000	0.00000	1.6044	0.85560
363	15168	1.6539	0.80614	0.0000	0.00000	1.6068	0.85290
364	15210	1.6520	0.80850	0.0000	0.00000	1.6082	0.85190
365	15251	1.6518	0.80874	0.0000	0.00000	1.6104	0.85020
366	15293	1.6516	0.80884	0.0000	0.00000	1.6115	0.84850
367	15335	1.6526	0.80750	0.0000	0.00000	1.6133	0.84710
368	15377	1.6548	0.80544	0.0000	0.00000	1.6061	0.85430
369	15418	1.6523	0.80790	0.0000	0.00000	1.6078	0.85290
370	15460	1.6526	0.80744	0.0000	0.00000	1.6083	0.85240
371	15502	1.6476	0.81282	0.0000	0.00000	1.6033	0.85770
372	15544	1.6463	0.81388	0.0000	0.00000	1.6040	0.85650
373	15585	1.6507	0.80954	0.0000	0.00000	1.6069	0.85360
374	15627	1.6481	0.81252	0.0000	0.00000	1.6097	0.85110
375	15669	1.6487	0.81152	0.0000	0.00000	1.6099	0.85090
376	15711	1.6497	0.81086	0.0000	0.00000	1.6127	0.84830
377	15752	1.6494	0.81064	0.0000	0.00000	1.6081	0.85260
378	15794	1.6510	0.80916	0.0000	0.00000	1.6053	0.85530
379	15836	1.6496	0.81078	0.0000	0.00000	1.6129	0.84670
380	15877	1.6503	0.81046	0.0000	0.00000	1.6078	0.85230
381	15919	1.6474	0.81298	0.0000	0.00000	1.6093	0.85130
382	15961	1.6495	0.81106	0.0000	0.00000	1.6087	0.85130
383	16003	1.6513	0.80906	0.0000	0.00000	1.6093	0.85180
384	16044	1.6483	0.81190	0.0000	0.00000	1.6125	0.84830
385	16086	1.6500	0.81012	0.0000	0.00000	1.6085	0.85230
386	16128	1.6508	0.80958	0.0000	0.00000	1.6080	0.85250
387	16169	1.6461	0.81388	0.0000	0.00000	1.6050	0.85550
388	16211	1.6507	0.80976	0.0000	0.00000	1.6070	0.85360
389	16253	1.6476	0.81296	0.0000	0.00000	1.6052	0.85620
390	16295	1.6450	0.81544	0.0000	0.00000	1.6047	0.85640
391	16336	1.6477	0.81274	0.0000	0.00000	1.6085	0.85210
392	16378	1.6477	0.81200	0.0000	0.00000	1.6060	0.85420
393	16420	1.6476	0.81282	0.0000	0.00000	1.6060	0.85540
394	16461	1.6492	0.81112	0.0000	0.00000	1.6092	0.85160
395	16503	1.6489	0.81160	0.0000	0.00000	1.6024	0.85730
396	16545	1.6440	0.81648	0.0000	0.00000	1.6037	0.85710
397	16587	1.6466	0.81358	0.0000	0.00000	1.6049	0.85580
398	16628	1.6455	0.81504	0.0000	0.00000	1.6048	0.85550
399	16670	1.6450	0.81540	0.0000	0.00000	1.6050	0.85560
400	16712	1.6467	0.81352	0.0000	0.00000	1.6043	0.85650
401	16753	1.6436	0.81686	0.0000	0.00000	1.5998	0.86110
402	16795	1.6437	0.81656	0.0000	0.00000	1.6016	0.85890
403	16837	1.6448	0.81608	0.0000	0.00000	1.6044	0.85580
404	16879	1.6435	0.81662	0.0000	0.00000	1.6049	0.85550
405	16921	1.6469	0.81304	0.0000	0.00000	1.6133	0.84810
406	16962	1.6434	0.81676	0.0000	0.00000	1.6051	0.85500
407	17004	1.6447	0.81542	0.0000	0.00000	1.6051	0.85610
408	17046	1.6453	0.81492	0.0000	0.00000	1.6029	0.85790
409	17087	1.6433	0.81712	0.0000	0.00000	1.6041	0.85670
410	17129	1.6416	0.81904	0.0000	0.00000	1.6040	0.85640
411	17171	1.6436	0.81708	0.0000	0.00000	1.6043	0.85660
412	17213	1.6443	0.81624	0.0000	0.00000	1.6009	0.86000
413	17254	1.6423	0.81824	0.0000	0.00000	1.5989	0.86110
414	17296	1.6454	0.81498	0.0000	0.00000	1.6034	0.85710
415	17338	1.6426	0.81820	0.0000	0.00000	1.5997	0.86140
416	17379	1.6402	0.82020	0.0000	0.00000	1.6032	0.85740
417	17421	1.6421	0.81816	0.0000	0.00000	1.6002	0.86080
418	17463	1.6414	0.81836	0.0000	0.00000	1.5998	0.86020
419	17505	1.6408	0.81940	0.0000	0.00000	1.6035	0.85690
420	17547	1.6416	0.81880	0.0000	0.00000	1.6013	0.85880
421	17588	1.6425	0.81774	0.0000	0.00000	1.5970	0.86370
422	17630	1.6409	0.81932	0.0000	0.00000	1.6047	0.85650
423	17672	1.6408	0.81956	0.0000	0.00000	1.6022	0.85880
424	17713	1.6402	0.82024	0.0000	0.00000	1.6060	0.85530
425	17755	1.6406	0.81946	0.0000	0.00000	1.6050	0.85650
426	17797	1.6403	0.82016	0.0000	0.00000	1.6015	0.85910
427	17838	1.6410	0.81986	0.0000	0.00000	1.6009	0.85950
428	17880	1.6403	0.82050	0.0000	0.00000	1.6039	0.85610
429	17922	1.6396	0.82084	0.0000	0.00000	1.5982	0.86180
430	17963	1.6394	0.82126	0.0000	0.00000	1.6031	0.85740
431	18005	1.6412	0.81918	0.0000	0.00000	1.6039	0.85750
432	18047	1.6402	0.82018	0.0000	0.00000	1.6039	0.85650
433	18088	1.6383	0.82212	0.0000	0.00000	1.5982	0.86210
434	18130	1.6401	0.82052	0.0000	0.00000	1.6004	0.86040
435	18172	1.6396	0.82052	0.0000	0.00000	1.5979	0.86270
436	18214	1.6385	0.82210	0.0000	0.00000	1.6002	0.86050
437	18255	1.6388	0.82170	0.0000	0.00000	1.6023	0.85800
438	18297	1.6388	0.82142	0.0000	0.00000	1.6006	0.86090
439	18339	1.6373	0.82364	0.0000	0.00000	1.5991	0.86100
440	18381	1.6390	0.82086	0.0000	0.00000	1.6041	0.85530
441	18422	1.6384	0.82234	0.0000	0.00000	1.6006	0.86010
442	18464	1.6373	0.82278	0.0000	0.00000	1.6009	0.86040
443	18506	1.6389	0.82108	0.0000	0.00000	1.6014	0.85900
444	18548	1.6375	0.82292	0.0000	0.00000	1.5993	0.86110
445	18589	1.6391	0.82138	0.0000	0.00000	1.6016	0.85850
446	18631	1.6352	0.82544	0.0000	0.00000	1.6013	0.85960
447	18673	1.6394	0.82082	0.0000	0.00000	1.6007	0.85990
448	18715	1.6353	0.82530	0.0000	0.00000	1.6007	0.86030
449	18757	1.6372	0.82320	0.0000	0.00000	1.5991	0.86100
450	18799	1.6364	0.82416	0.0000	0.00000	1.5951	0.86580
451	18840	1.6344	0.82584	0.0000	0.00000	1.5989	0.86230
452	18882	1.6373	0.82312	0.0000	0.00000	1.5968	0.86430
453	18924	1.6340	0.82684	0.0000	0.00000	1.5994	0.86170
454	18965	1.6380	0.82320	0.0000	0.00000	1.6012	0.85920
455	19007	1.6358	0.82470	0.0000	0.00000	1.5952	0.86600
456	19049	1.6345	0.82608	0.0000	0.00000	1.5979	0.86300
457	19091	1.6355	0.82534	0.0000	0.00000	1.5988	0.86240
458	19133	1.6343	0.82618	0.0000	0.00000	1.5998	0.86110
459	19175	1.6372	0.82300	0.0000	0.00000	1.5979	0.86250
460	19217	1.6353	0.82498	0.0000	0.00000	1.6040	0.85590
461	19259	1.6360	0.82404	0.0000	0.00000	1.5958	0.86530
462	19301	1.6362	0.82376	0.0000	0.00000	1.6008	0.85940
463	19343	1.6366	0.82356	0.0000	0.00000	1.5957	0.86430
464	19385	1.6367	0.82390	0.0000	0.00000	1.5980	0.86220
465	19427	1.6336	0.82658	0.0000	0.00000	1.5965	0.86380
466	19469	1.6344	0.82582	0.0000	0.00000	1.6019	0.85930
467	19511	1.6334	0.82716	0.0000	0.00000	1.5978	0.86260
468	19553	1.6338	0.82656	0.0000	0.00000	1.5963	0.86420
469	19595	1.6338	0.82680	0.0000	0.00000	1.5934	0.86770
470	19637	1.6311	0.82928	0.0000	0.00000	1.5910	0.86920
471	19679	1.6306	0.83028	0.0000	0.00000	1.5930	0.86730
472	19721	1.6337	0.82682	0.0000	0.00000	1.5964	0.86410
473	19763	1.6344	0.82632	0.0000	0.00000	1.6020	0.85920
474	19805	1.6336	0.82656	0.0000	0.00000	1.5940	0.86600
475	19847	1.6335	0.82694	0.0000	0.00000	1.5964	0.86370
476	19889	1.6345	0.82622	0.0000	0.00000	1.5966	0.86340
477	19931	1.6309	0.82964	0.0000	0.00000	1.5932	0.86680
478	19973	1.6320	0.82860	0.0000	0.00000	1.6028	0.85750
479	20015	1.6362	0.82408	0.0000	0.00000	1.5951	0.86620
480	20056	1.6335	0.82690	0.0000	0.00000	1.6049	0.85500
481	20098	1.6357	0.82478	0.0000	0.00000	1.5959	0.86600
482	20140	1.6309	0.82932	0.0000	0.00000	1.5954	0.86510
483	20182	1.6335	0.82668	0.0000	0.00000	1.5960	0.86400
484	20224	1.6327	0.82804	0.0000	0.00000	1.5938	0.86690
485	20266	1.6301	0.83034	0.0000	0.00000	1.5938	0.86690
486	20309	1.6342	0.82630	0.0000	0.00000	1.5956	0.86440
487	20350	1.6303	0.82998	0.0000	0.00000	1.5939	0.86570
488	20392	1.6299	0.83100	0.0000	0.00000	1.5987	0.86180
489	20434	1.6302	0.83060	0.0000	0.00000	1.5968	0.86430
490	20476	1.6313	0.82930	0.0000	0.00000	1.5950	0.86540
491	20518	1.6301	0.83070	0.0000	0.00000	1.5951	0.86590
492	20560	1.6325	0.82792	0.0000	0.00000	1.5968	0.86360
493	20602	1.6289	0.83206	0.0000	0.00000	1.5959	0.86510
494	20644	1.6291	0.83116	0.0000	0.00000	1.5932	0.86720
495	20686	1.6297	0.83084	0.0000	0.00000	1.5920	0.86830
496	20728	1.6282	0.83198	0.0000	0.00000	1.5921	0.86790
497	20770	1.6292	0.83104	0.0000	0.00000	1.5929	0.86750
498	20812	1.6279	0.83260	0.0000	0.00000	1.5913	0.86970
499	20854	1.6298	0.83086	0.0000	0.00000	1.6085	0.85250
