epoch	time	train_nll	train_acc	valid_nll	valid_acc	test_nll	test_acc
0	42	2.4439	0.00000	0.0000	0.00000	2.4854	0.00000
1	84	2.2989	0.00000	0.0000	0.00000	2.6029	0.00000
2	125	2.2273	0.00000	0.0000	0.00000	2.7766	0.00000
3	167	2.1705	0.00000	0.0000	0.00000	2.8217	0.00000
4	209	2.1368	0.00000	0.0000	0.00000	2.9045	0.00000
5	251	2.1004	0.00000	0.0000	0.00000	2.8981	0.00000
6	293	2.0702	0.00000	0.0000	0.00000	2.8138	0.00000
7	334	2.0437	0.00000	0.0000	0.00000	2.9509	0.00000
8	376	2.0164	0.00000	0.0000	0.00000	2.8053	0.00000
9	418	1.9959	0.00000	0.0000	0.00000	2.8201	0.00000
10	460	1.9823	0.00000	0.0000	0.00000	2.7251	0.00000
11	501	1.9636	0.00000	0.0000	0.00000	2.7643	0.00000
12	543	1.9499	0.00000	0.0000	0.00000	2.6601	0.00000
13	585	1.9328	0.00000	0.0000	0.00000	2.6681	0.00000
14	626	1.9204	0.00000	0.0000	0.00000	2.6266	0.00000
15	668	1.9067	0.00000	0.0000	0.00000	2.5238	0.00000
16	709	1.8927	0.00000	0.0000	0.00000	2.5355	0.00000
17	751	1.8827	0.00000	0.0000	0.00000	2.4969	0.00000
18	792	1.8699	0.00000	0.0000	0.00000	2.5081	0.00000
19	833	1.8598	0.00000	0.0000	0.00000	2.4617	0.00000
20	875	1.8457	0.00000	0.0000	0.00000	2.3738	0.00000
21	916	1.8366	0.00000	0.0000	0.00000	2.3736	0.00000
22	957	1.8267	0.00000	0.0000	0.00000	2.4960	0.00000
23	999	1.8124	0.00000	0.0000	0.00000	2.3048	0.00000
24	1040	1.8035	0.00000	0.0000	0.00000	2.3403	0.00000
25	1081	1.7917	0.00000	0.0000	0.00000	2.4102	0.00000
26	1123	1.7803	0.00000	0.0000	0.00000	2.4266	0.00000
27	1164	1.7712	0.00000	0.0000	0.00000	2.3516	0.00000
28	1205	1.7594	0.00000	0.0000	0.00000	2.4087	0.00000
29	1247	1.7504	0.00000	0.0000	0.00000	2.2801	0.00000
30	1288	1.7361	0.00000	0.0000	0.00000	2.3688	0.00000
31	1329	1.7289	0.00000	0.0000	0.00000	2.3820	0.00000
32	1371	1.7161	0.00000	0.0000	0.00000	2.3774	0.00000
33	1412	1.7145	0.00000	0.0000	0.00000	2.3123	0.00000
34	1453	1.7018	0.00000	0.0000	0.00000	2.3606	0.00000
35	1495	1.6953	0.00000	0.0000	0.00000	2.2396	0.00000
36	1536	1.6870	0.00000	0.0000	0.00000	2.2506	0.00000
37	1577	1.6775	0.00000	0.0000	0.00000	2.1331	0.00000
38	1619	1.6706	0.00000	0.0000	0.00000	2.1948	0.00000
39	1660	1.6597	0.00000	0.0000	0.00000	2.0699	0.00000
40	1701	1.6509	0.00000	0.0000	0.00000	2.0946	0.00000
41	1743	1.6446	0.00000	0.0000	0.00000	2.0465	0.00000
42	1784	1.6333	0.00000	0.0000	0.00000	1.9895	0.00000
43	1825	1.6224	0.00000	0.0000	0.00000	1.9994	0.00000
44	1867	1.6185	0.00000	0.0000	0.00000	1.8853	0.00000
45	1908	1.6131	0.00000	0.0000	0.00000	1.8857	0.00000
46	1950	1.6003	0.00000	0.0000	0.00000	1.8698	0.00000
47	1991	1.5954	0.00000	0.0000	0.00000	1.8063	0.00000
48	2032	1.5851	0.00000	0.0000	0.00000	1.8188	0.00000
49	2074	1.5730	0.00000	0.0000	0.00000	1.7895	0.00000
50	2115	1.5669	0.00000	0.0000	0.00000	1.7248	0.00000
51	2156	1.5540	0.00000	0.0000	0.00000	1.7920	0.00000
52	2198	1.5447	0.00000	0.0000	0.00000	1.7333	0.00000
53	2239	1.5415	0.00000	0.0000	0.00000	1.7369	0.00000
54	2280	1.5246	0.00000	0.0000	0.00000	1.7140	0.00000
55	2322	1.5183	0.00000	0.0000	0.00000	1.7051	0.00000
56	2363	1.5165	0.00000	0.0000	0.00000	1.7074	0.00000
57	2404	1.5059	0.00000	0.0000	0.00000	1.6123	0.00000
58	2446	1.4941	0.00000	0.0000	0.00000	1.6294	0.00000
59	2487	1.4940	0.00000	0.0000	0.00000	1.5928	0.00000
60	2529	1.4767	0.00000	0.0000	0.00000	1.6172	0.00000
61	2570	1.4677	0.00000	0.0000	0.00000	1.5806	0.00000
62	2611	1.4553	0.00000	0.0000	0.00000	1.5693	0.00000
63	2653	1.4510	0.00000	0.0000	0.00000	1.5417	0.00000
64	2694	1.4428	0.00000	0.0000	0.00000	1.5697	0.00000
65	2735	1.4318	0.00000	0.0000	0.00000	1.4499	0.00000
66	2777	1.4228	0.00000	0.0000	0.00000	1.5139	0.00000
67	2818	1.4133	0.00000	0.0000	0.00000	1.4321	0.00000
68	2859	1.4042	0.00000	0.0000	0.00000	1.4264	0.00000
69	2901	1.3988	0.00000	0.0000	0.00000	1.4630	0.00000
70	2942	1.3970	0.00000	0.0000	0.00000	1.4004	0.00000
71	2984	1.3834	0.00000	0.0000	0.00000	1.4152	0.00000
72	3025	1.3734	0.00000	0.0000	0.00000	1.3683	0.00000
73	3066	1.3630	0.00000	0.0000	0.00000	1.3448	0.00000
74	3108	1.3501	0.00000	0.0000	0.00000	1.3909	0.00000
75	3149	1.3534	0.00000	0.0000	0.00000	1.3640	0.00000
76	3190	1.3424	0.00000	0.0000	0.00000	1.3063	0.00000
77	3232	1.3353	0.00000	0.0000	0.00000	1.3538	0.00000
78	3273	1.3239	0.00000	0.0000	0.00000	1.2758	0.00000
79	3314	1.3175	0.00000	0.0000	0.00000	1.2760	0.00000
80	3356	1.3059	0.00000	0.0000	0.00000	1.2862	0.00000
81	3397	1.3052	0.00000	0.0000	0.00000	1.2347	0.00000
82	3439	1.3001	0.00000	0.0000	0.00000	1.2562	0.00000
83	3480	1.2847	0.00000	0.0000	0.00000	1.2515	0.00000
84	3521	1.2775	0.00000	0.0000	0.00000	1.2526	0.00000
85	3563	1.2719	0.00000	0.0000	0.00000	1.2329	0.00000
86	3604	1.2587	0.00000	0.0000	0.00000	1.1969	0.00000
87	3645	1.2546	0.00000	0.0000	0.00000	1.2315	0.00000
88	3687	1.2458	0.00000	0.0000	0.00000	1.1502	0.00000
89	3728	1.2426	0.00000	0.0000	0.00000	1.1615	0.00000
90	3769	1.2349	0.00000	0.0000	0.00000	1.2032	0.00000
91	3811	1.2280	0.00000	0.0000	0.00000	1.1625	0.00000
92	3852	1.2153	0.00000	0.0000	0.00000	1.1946	0.00000
93	3894	1.2163	0.00000	0.0000	0.00000	1.1542	0.00000
94	3935	1.2080	0.00000	0.0000	0.00000	1.1355	0.00000
95	3976	1.2044	0.00000	0.0000	0.00000	1.1769	0.00000
96	4018	1.1931	0.00000	0.0000	0.00000	1.1006	0.00000
97	4059	1.1871	0.00000	0.0000	0.00000	1.1023	0.00000
98	4101	1.1844	0.00000	0.0000	0.00000	1.0984	0.00000
99	4143	1.1767	0.00000	0.0000	0.00000	1.1051	0.00000
100	4184	1.1702	0.00000	0.0000	0.00000	1.0841	0.00000
101	4226	1.1632	0.00000	0.0000	0.00000	1.0588	0.00000
102	4267	1.1611	0.00000	0.0000	0.00000	1.1132	0.00000
103	4309	1.1565	0.00000	0.0000	0.00000	1.0447	0.00000
104	4350	1.1515	0.00000	0.0000	0.00000	1.0419	0.00000
105	4392	1.1450	0.00000	0.0000	0.00000	1.0403	0.00000
106	4434	1.1367	0.00000	0.0000	0.00000	1.0411	0.00000
107	4475	1.1311	0.00000	0.0000	0.00000	1.0374	0.00000
108	4517	1.1257	0.00000	0.0000	0.00000	1.0225	0.00000
109	4558	1.1284	0.00000	0.0000	0.00000	1.0077	0.00000
110	4600	1.1219	0.00000	0.0000	0.00000	1.0319	0.00000
111	4641	1.1151	0.00000	0.0000	0.00000	0.9828	0.00000
112	4683	1.1060	0.00000	0.0000	0.00000	1.0059	0.00000
113	4724	1.1055	0.00000	0.0000	0.00000	0.9863	0.00000
114	4766	1.0999	0.00000	0.0000	0.00000	0.9872	0.00000
115	4808	1.0940	0.00000	0.0000	0.00000	0.9648	0.00000
116	4849	1.0849	0.00000	0.0000	0.00000	0.9875	0.00000
117	4891	1.0875	0.00000	0.0000	0.00000	0.9629	0.00000
118	4932	1.0790	0.00000	0.0000	0.00000	0.9533	0.00000
119	4974	1.0747	0.00000	0.0000	0.00000	0.9828	0.00000
120	5015	1.0667	0.00000	0.0000	0.00000	0.9498	0.00000
121	5057	1.0626	0.00000	0.0000	0.00000	0.9633	0.00000
122	5098	1.0640	0.00000	0.0000	0.00000	0.9434	0.00000
123	5140	1.0552	0.00000	0.0000	0.00000	0.9362	0.00000
124	5181	1.0536	0.00000	0.0000	0.00000	0.9419	0.00000
125	5223	1.0484	0.00000	0.0000	0.00000	0.9337	0.00000
126	5265	1.0461	0.00000	0.0000	0.00000	0.9086	0.00000
127	5306	1.0407	0.00000	0.0000	0.00000	0.9184	0.00000
128	5348	1.0384	0.00000	0.0000	0.00000	0.9170	0.00000
129	5389	1.0290	0.00000	0.0000	0.00000	0.9374	0.00000
130	5431	1.0276	0.00000	0.0000	0.00000	0.9314	0.00000
131	5472	1.0221	0.00000	0.0000	0.00000	0.9377	0.00000
132	5514	1.0233	0.00000	0.0000	0.00000	0.8899	0.00000
133	5556	1.0195	0.00000	0.0000	0.00000	0.8744	0.00000
134	5597	1.0167	0.00000	0.0000	0.00000	0.8984	0.00000
135	5639	1.0091	0.00000	0.0000	0.00000	0.8650	0.00000
136	5680	1.0037	0.00000	0.0000	0.00000	0.8810	0.00000
137	5722	1.0074	0.00000	0.0000	0.00000	0.8839	0.00000
138	5763	1.0026	0.00000	0.0000	0.00000	0.8794	0.00000
139	5805	1.0006	0.00000	0.0000	0.00000	0.8681	0.00000
140	5847	0.9919	0.00000	0.0000	0.00000	0.8616	0.00000
141	5888	0.9855	0.00000	0.0000	0.00000	0.8870	0.00000
142	5930	0.9845	0.00000	0.0000	0.00000	0.8486	0.00000
143	5971	0.9821	0.00000	0.0000	0.00000	0.8645	0.00000
144	6013	0.9785	0.00000	0.0000	0.00000	0.8662	0.00000
145	6054	0.9764	0.00000	0.0000	0.00000	0.8676	0.00000
146	6096	0.9706	0.00000	0.0000	0.00000	0.8615	0.00000
147	6137	0.9773	0.00000	0.0000	0.00000	0.8246	0.00000
148	6179	0.9639	0.00000	0.0000	0.00000	0.8472	0.00000
149	6220	0.9647	0.00000	0.0000	0.00000	0.8339	0.00000
150	6262	0.9605	0.00000	0.0000	0.00000	0.8188	0.00000
151	6304	0.9594	0.00000	0.0000	0.00000	0.8117	0.00000
152	6345	0.9518	0.00000	0.0000	0.00000	0.8487	0.00000
153	6387	0.9514	0.00000	0.0000	0.00000	0.8202	0.00000
154	6428	0.9464	0.00000	0.0000	0.00000	0.8052	0.00000
155	6470	0.9467	0.00000	0.0000	0.00000	0.8224	0.00000
156	6512	0.9368	0.00000	0.0000	0.00000	0.8082	0.00000
157	6553	0.9381	0.00000	0.0000	0.00000	0.7873	0.00000
158	6595	0.9314	0.00000	0.0000	0.00000	0.8042	0.00000
159	6636	0.9293	0.00000	0.0000	0.00000	0.8001	0.00000
160	6678	0.9271	0.00000	0.0000	0.00000	0.7821	0.00000
161	6719	0.9272	0.00000	0.0000	0.00000	0.7976	0.00000
162	6761	0.9243	0.00000	0.0000	0.00000	0.7981	0.00000
163	6802	0.9199	0.00000	0.0000	0.00000	0.7912	0.00000
164	6844	0.9096	0.00000	0.0000	0.00000	0.8024	0.00000
165	6885	0.9113	0.00000	0.0000	0.00000	0.7888	0.00000
166	6927	0.9148	0.00000	0.0000	0.00000	0.7830	0.00000
167	6968	0.9088	0.00000	0.0000	0.00000	0.7639	0.00000
168	7010	0.9039	0.00000	0.0000	0.00000	0.7664	0.00000
169	7052	0.9012	0.00000	0.0000	0.00000	0.7557	0.00000
170	7093	0.8988	0.00000	0.0000	0.00000	0.7643	0.00000
171	7135	0.8973	0.00000	0.0000	0.00000	0.7537	0.00000
172	7176	0.8975	0.00000	0.0000	0.00000	0.7625	0.00000
173	7218	0.8867	0.00000	0.0000	0.00000	0.7696	0.00000
174	7259	0.8896	0.00000	0.0000	0.00000	0.7787	0.00000
175	7301	0.8868	0.00000	0.0000	0.00000	0.7339	0.00000
176	7342	0.8842	0.00000	0.0000	0.00000	0.7338	0.00000
177	7384	0.8744	0.00000	0.0000	0.00000	0.7472	0.00000
178	7425	0.8726	0.00000	0.0000	0.00000	0.7587	0.00000
179	7467	0.8728	0.00000	0.0000	0.00000	0.7307	0.00000
180	7508	0.8665	0.00000	0.0000	0.00000	0.7374	0.00000
181	7549	0.8648	0.00000	0.0000	0.00000	0.7181	0.00000
182	7591	0.8660	0.00000	0.0000	0.00000	0.7377	0.00000
183	7632	0.8617	0.00000	0.0000	0.00000	0.7248	0.00000
184	7674	0.8569	0.00000	0.0000	0.00000	0.7039	0.00000
185	7715	0.8580	0.00000	0.0000	0.00000	0.7091	0.00000
186	7756	0.8451	0.00000	0.0000	0.00000	0.7306	0.00000
187	7798	0.8493	0.00000	0.0000	0.00000	0.7191	0.00000
188	7839	0.8509	0.00000	0.0000	0.00000	0.7225	0.00000
189	7881	0.8468	0.00000	0.0000	0.00000	0.7118	0.00000
190	7922	0.8419	0.00000	0.0000	0.00000	0.7065	0.00000
191	7964	0.8409	0.00000	0.0000	0.00000	0.7054	0.00000
192	8005	0.8392	0.00000	0.0000	0.00000	0.6985	0.00000
193	8047	0.8336	0.00000	0.0000	0.00000	0.7276	0.00000
194	8088	0.8266	0.00000	0.0000	0.00000	0.7022	0.00000
195	8129	0.8305	0.00000	0.0000	0.00000	0.7060	0.00000
196	8171	0.8269	0.00000	0.0000	0.00000	0.7025	0.00000
197	8212	0.8206	0.00000	0.0000	0.00000	0.6869	0.00000
198	8254	0.8217	0.00000	0.0000	0.00000	0.6807	0.00000
199	8295	0.8197	0.00000	0.0000	0.00000	0.6815	0.00000
200	8336	0.8119	0.00000	0.0000	0.00000	0.6639	0.00000
201	8378	0.8105	0.00000	0.0000	0.00000	0.6874	0.00000
202	8419	0.8061	0.00000	0.0000	0.00000	0.6713	0.00000
203	8460	0.8096	0.00000	0.0000	0.00000	0.6682	0.00000
204	8502	0.8089	0.00000	0.0000	0.00000	0.6876	0.00000
205	8543	0.8043	0.00000	0.0000	0.00000	0.6645	0.00000
206	8585	0.8027	0.00000	0.0000	0.00000	0.6681	0.00000
207	8626	0.7967	0.00000	0.0000	0.00000	0.6687	0.00000
208	8668	0.7971	0.00000	0.0000	0.00000	0.6599	0.00000
209	8709	0.7937	0.00000	0.0000	0.00000	0.6727	0.00000
210	8751	0.7891	0.00000	0.0000	0.00000	0.6707	0.00000
211	8792	0.7921	0.00000	0.0000	0.00000	0.6526	0.00000
212	8833	0.7806	0.00000	0.0000	0.00000	0.6468	0.00000
213	8875	0.7862	0.00000	0.0000	0.00000	0.6614	0.00000
214	8916	0.7814	0.00000	0.0000	0.00000	0.6463	0.00000
215	8958	0.7745	0.00000	0.0000	0.00000	0.6564	0.00000
216	8999	0.7716	0.00000	0.0000	0.00000	0.6703	0.00000
217	9041	0.7731	0.00000	0.0000	0.00000	0.6397	0.00000
218	9082	0.7708	0.00000	0.0000	0.00000	0.6369	0.00000
219	9124	0.7657	0.00000	0.0000	0.00000	0.6351	0.00000
220	9165	0.7675	0.00000	0.0000	0.00000	0.6425	0.00000
221	9207	0.7609	0.00000	0.0000	0.00000	0.6234	0.00000
222	9248	0.7638	0.00000	0.0000	0.00000	0.6307	0.00000
223	9289	0.7565	0.00000	0.0000	0.00000	0.6171	0.00000
224	9331	0.7584	0.00000	0.0000	0.00000	0.6141	0.00000
225	9372	0.7528	0.00000	0.0000	0.00000	0.6127	0.00000
226	9414	0.7556	0.00000	0.0000	0.00000	0.6080	0.00000
227	9455	0.7463	0.00000	0.0000	0.00000	0.6105	0.00000
228	9497	0.7445	0.00000	0.0000	0.00000	0.6363	0.00000
229	9538	0.7463	0.00000	0.0000	0.00000	0.6304	0.00000
230	9580	0.7403	0.00000	0.0000	0.00000	0.6297	0.00000
231	9621	0.7406	0.00000	0.0000	0.00000	0.6137	0.00000
232	9662	0.7425	0.00000	0.0000	0.00000	0.6168	0.00000
233	9704	0.7370	0.00000	0.0000	0.00000	0.6040	0.00000
234	9745	0.7369	0.00000	0.0000	0.00000	0.5963	0.00000
235	9787	0.7332	0.00000	0.0000	0.00000	0.6081	0.00000
236	9828	0.7280	0.00000	0.0000	0.00000	0.5962	0.00000
237	9870	0.7258	0.00000	0.0000	0.00000	0.5875	0.00000
238	9911	0.7252	0.00000	0.0000	0.00000	0.5893	0.00000
239	9953	0.7306	0.00000	0.0000	0.00000	0.5968	0.00000
240	9994	0.7214	0.00000	0.0000	0.00000	0.5970	0.00000
241	10036	0.7230	0.00000	0.0000	0.00000	0.5770	0.00000
242	10077	0.7216	0.00000	0.0000	0.00000	0.5871	0.00000
243	10119	0.7212	0.00000	0.0000	0.00000	0.5962	0.00000
244	10160	0.7191	0.00000	0.0000	0.00000	0.5940	0.00000
245	10201	0.7111	0.00000	0.0000	0.00000	0.5856	0.00000
246	10243	0.7105	0.00000	0.0000	0.00000	0.5861	0.00000
247	10284	0.7121	0.00000	0.0000	0.00000	0.5845	0.00000
248	10326	0.7079	0.00000	0.0000	0.00000	0.5839	0.00000
249	10367	0.7020	0.00000	0.0000	0.00000	0.5622	0.00000
250	10409	0.7006	0.00000	0.0000	0.00000	0.5802	0.00000
251	10450	0.7055	0.00000	0.0000	0.00000	0.5596	0.00000
252	10492	0.6936	0.00000	0.0000	0.00000	0.5712	0.00000
253	10533	0.6949	0.00000	0.0000	0.00000	0.5662	0.00000
254	10575	0.6963	0.00000	0.0000	0.00000	0.5843	0.00000
255	10616	0.6958	0.00000	0.0000	0.00000	0.5840	0.00000
256	10658	0.6918	0.00000	0.0000	0.00000	0.5584	0.00000
257	10700	0.6901	0.00000	0.0000	0.00000	0.5611	0.00000
258	10741	0.6911	0.00000	0.0000	0.00000	0.5674	0.00000
259	10783	0.6909	0.00000	0.0000	0.00000	0.5601	0.00000
260	10825	0.6854	0.00000	0.0000	0.00000	0.5597	0.00000
261	10866	0.6825	0.00000	0.0000	0.00000	0.5517	0.00000
262	10908	0.6821	0.00000	0.0000	0.00000	0.5514	0.00000
263	10950	0.6821	0.00000	0.0000	0.00000	0.5466	0.00000
264	10992	0.6757	0.00000	0.0000	0.00000	0.5540	0.00000
265	11033	0.6766	0.00000	0.0000	0.00000	0.5468	0.00000
266	11075	0.6664	0.00000	0.0000	0.00000	0.5712	0.00000
267	11117	0.6709	0.00000	0.0000	0.00000	0.5436	0.00000
268	11158	0.6726	0.00000	0.0000	0.00000	0.5462	0.00000
269	11200	0.6694	0.00000	0.0000	0.00000	0.5384	0.00000
270	11242	0.6670	0.00000	0.0000	0.00000	0.5589	0.00000
271	11283	0.6653	0.00000	0.0000	0.00000	0.5431	0.00000
272	11325	0.6679	0.00000	0.0000	0.00000	0.5328	0.00000
273	11367	0.6587	0.00000	0.0000	0.00000	0.5494	0.00000
274	11408	0.6640	0.00000	0.0000	0.00000	0.5317	0.00000
275	11450	0.6652	0.00000	0.0000	0.00000	0.5414	0.00000
276	11492	0.6671	0.00000	0.0000	0.00000	0.5312	0.00000
277	11534	0.6557	0.00000	0.0000	0.00000	0.5293	0.00000
278	11575	0.6593	0.00000	0.0000	0.00000	0.5430	0.00000
279	11617	0.6575	0.00000	0.0000	0.00000	0.5232	0.00000
280	11658	0.6554	0.00000	0.0000	0.00000	0.5285	0.00000
281	11700	0.6554	0.00000	0.0000	0.00000	0.5292	0.00000
282	11742	0.6478	0.00000	0.0000	0.00000	0.5203	0.00000
283	11783	0.6504	0.00000	0.0000	0.00000	0.5224	0.00000
284	11825	0.6521	0.00000	0.0000	0.00000	0.5314	0.00000
285	11867	0.6503	0.00000	0.0000	0.00000	0.5359	0.00000
286	11908	0.6460	0.00000	0.0000	0.00000	0.5147	0.00000
287	11950	0.6392	0.00000	0.0000	0.00000	0.5120	0.00000
288	11991	0.6415	0.00000	0.0000	0.00000	0.5162	0.00000
289	12033	0.6401	0.00000	0.0000	0.00000	0.5207	0.00000
290	12074	0.6399	0.00000	0.0000	0.00000	0.5171	0.00000
291	12116	0.6391	0.00000	0.0000	0.00000	0.5162	0.00000
292	12158	0.6385	0.00000	0.0000	0.00000	0.5088	0.00000
293	12199	0.6322	0.00000	0.0000	0.00000	0.5103	0.00000
294	12241	0.6325	0.00000	0.0000	0.00000	0.5040	0.00000
295	12282	0.6330	0.00000	0.0000	0.00000	0.5200	0.00000
296	12324	0.6339	0.00000	0.0000	0.00000	0.5096	0.00000
297	12366	0.6215	0.00000	0.0000	0.00000	0.5171	0.00000
298	12407	0.6208	0.00000	0.0000	0.00000	0.5168	0.00000
299	12449	0.6265	0.00000	0.0000	0.00000	0.5189	0.00000
300	12490	0.6244	0.00000	0.0000	0.00000	0.4957	0.00000
301	12532	0.6250	0.00000	0.0000	0.00000	0.5162	0.00000
302	12574	0.6233	0.00000	0.0000	0.00000	0.5074	0.00000
303	12615	0.6175	0.00000	0.0000	0.00000	0.4987	0.00000
304	12657	0.6174	0.00000	0.0000	0.00000	0.5016	0.00000
305	12698	0.6170	0.00000	0.0000	0.00000	0.4935	0.00000
306	12740	0.6162	0.00000	0.0000	0.00000	0.5019	0.00000
307	12782	0.6183	0.00000	0.0000	0.00000	0.4894	0.00000
308	12823	0.6194	0.00000	0.0000	0.00000	0.5027	0.00000
309	12865	0.6088	0.00000	0.0000	0.00000	0.4969	0.00000
310	12907	0.6108	0.00000	0.0000	0.00000	0.4962	0.00000
311	12948	0.6140	0.00000	0.0000	0.00000	0.4936	0.00000
312	12990	0.6080	0.00000	0.0000	0.00000	0.4956	0.00000
313	13031	0.6112	0.00000	0.0000	0.00000	0.4920	0.00000
314	13073	0.6056	0.00000	0.0000	0.00000	0.4897	0.00000
315	13115	0.6092	0.00000	0.0000	0.00000	0.4901	0.00000
316	13156	0.6031	0.00000	0.0000	0.00000	0.4927	0.00000
317	13198	0.6002	0.00000	0.0000	0.00000	0.4918	0.00000
318	13239	0.6048	0.00000	0.0000	0.00000	0.4951	0.00000
319	13281	0.5990	0.00000	0.0000	0.00000	0.4811	0.00000
320	13323	0.6010	0.00000	0.0000	0.00000	0.4817	0.00000
321	13365	0.5997	0.00000	0.0000	0.00000	0.4821	0.00000
322	13406	0.5980	0.00000	0.0000	0.00000	0.4870	0.00000
323	13448	0.5921	0.00000	0.0000	0.00000	0.4883	0.00000
324	13489	0.5916	0.00000	0.0000	0.00000	0.4913	0.00000
325	13531	0.5910	0.00000	0.0000	0.00000	0.4690	0.00000
326	13573	0.5948	0.00000	0.0000	0.00000	0.4775	0.00000
327	13614	0.5949	0.00000	0.0000	0.00000	0.4700	0.00000
328	13656	0.5876	0.00000	0.0000	0.00000	0.4851	0.00000
329	13698	0.5854	0.00000	0.0000	0.00000	0.4761	0.00000
330	13739	0.5859	0.00000	0.0000	0.00000	0.4836	0.00000
331	13781	0.5841	0.00000	0.0000	0.00000	0.4726	0.00000
332	13822	0.5854	0.00000	0.0000	0.00000	0.4694	0.00000
333	13864	0.5894	0.00000	0.0000	0.00000	0.4669	0.00000
334	13906	0.5798	0.00000	0.0000	0.00000	0.4721	0.00000
335	13947	0.5843	0.00000	0.0000	0.00000	0.4670	0.00000
336	13989	0.5776	0.00000	0.0000	0.00000	0.4700	0.00000
337	14031	0.5792	0.00000	0.0000	0.00000	0.4631	0.00000
338	14072	0.5788	0.00000	0.0000	0.00000	0.4694	0.00000
339	14114	0.5766	0.00000	0.0000	0.00000	0.4719	0.00000
340	14156	0.5732	0.00000	0.0000	0.00000	0.4631	0.00000
341	14197	0.5759	0.00000	0.0000	0.00000	0.4688	0.00000
342	14239	0.5715	0.00000	0.0000	0.00000	0.4635	0.00000
343	14281	0.5697	0.00000	0.0000	0.00000	0.4613	0.00000
344	14322	0.5685	0.00000	0.0000	0.00000	0.4633	0.00000
345	14364	0.5690	0.00000	0.0000	0.00000	0.4625	0.00000
346	14406	0.5680	0.00000	0.0000	0.00000	0.4619	0.00000
347	14447	0.5717	0.00000	0.0000	0.00000	0.4603	0.00000
348	14489	0.5693	0.00000	0.0000	0.00000	0.4649	0.00000
349	14531	0.5619	0.00000	0.0000	0.00000	0.4534	0.00000
350	14572	0.5596	0.00000	0.0000	0.00000	0.4509	0.00000
351	14614	0.5585	0.00000	0.0000	0.00000	0.4560	0.00000
352	14655	0.5629	0.00000	0.0000	0.00000	0.4533	0.00000
353	14697	0.5628	0.00000	0.0000	0.00000	0.4606	0.00000
354	14739	0.5585	0.00000	0.0000	0.00000	0.4530	0.00000
355	14780	0.5620	0.00000	0.0000	0.00000	0.4515	0.00000
356	14822	0.5569	0.00000	0.0000	0.00000	0.4498	0.00000
357	14864	0.5575	0.00000	0.0000	0.00000	0.4531	0.00000
358	14905	0.5551	0.00000	0.0000	0.00000	0.4528	0.00000
359	14947	0.5546	0.00000	0.0000	0.00000	0.4461	0.00000
360	14988	0.5585	0.00000	0.0000	0.00000	0.4568	0.00000
361	15030	0.5542	0.00000	0.0000	0.00000	0.4589	0.00000
362	15072	0.5534	0.00000	0.0000	0.00000	0.4446	0.00000
363	15113	0.5533	0.00000	0.0000	0.00000	0.4407	0.00000
364	15155	0.5552	0.00000	0.0000	0.00000	0.4406	0.00000
365	15197	0.5471	0.00000	0.0000	0.00000	0.4443	0.00000
366	15238	0.5538	0.00000	0.0000	0.00000	0.4359	0.00000
367	15280	0.5544	0.00000	0.0000	0.00000	0.4434	0.00000
368	15322	0.5479	0.00000	0.0000	0.00000	0.4505	0.00000
369	15363	0.5448	0.00000	0.0000	0.00000	0.4508	0.00000
370	15405	0.5436	0.00000	0.0000	0.00000	0.4390	0.00000
371	15447	0.5409	0.00000	0.0000	0.00000	0.4425	0.00000
372	15488	0.5443	0.00000	0.0000	0.00000	0.4378	0.00000
373	15530	0.5433	0.00000	0.0000	0.00000	0.4424	0.00000
374	15572	0.5419	0.00000	0.0000	0.00000	0.4350	0.00000
375	15613	0.5394	0.00000	0.0000	0.00000	0.4352	0.00000
376	15655	0.5382	0.00000	0.0000	0.00000	0.4353	0.00000
377	15697	0.5375	0.00000	0.0000	0.00000	0.4370	0.00000
378	15738	0.5358	0.00000	0.0000	0.00000	0.4321	0.00000
379	15780	0.5374	0.00000	0.0000	0.00000	0.4340	0.00000
380	15822	0.5337	0.00000	0.0000	0.00000	0.4363	0.00000
381	15863	0.5347	0.00000	0.0000	0.00000	0.4373	0.00000
382	15905	0.5327	0.00000	0.0000	0.00000	0.4289	0.00000
383	15947	0.5295	0.00000	0.0000	0.00000	0.4325	0.00000
384	15988	0.5362	0.00000	0.0000	0.00000	0.4352	0.00000
385	16030	0.5307	0.00000	0.0000	0.00000	0.4254	0.00000
386	16072	0.5293	0.00000	0.0000	0.00000	0.4275	0.00000
387	16113	0.5262	0.00000	0.0000	0.00000	0.4296	0.00000
388	16155	0.5233	0.00000	0.0000	0.00000	0.4296	0.00000
389	16197	0.5315	0.00000	0.0000	0.00000	0.4270	0.00000
390	16239	0.5231	0.00000	0.0000	0.00000	0.4260	0.00000
391	16280	0.5313	0.00000	0.0000	0.00000	0.4230	0.00000
392	16322	0.5245	0.00000	0.0000	0.00000	0.4271	0.00000
393	16364	0.5216	0.00000	0.0000	0.00000	0.4249	0.00000
394	16406	0.5170	0.00000	0.0000	0.00000	0.4293	0.00000
395	16447	0.5200	0.00000	0.0000	0.00000	0.4241	0.00000
396	16489	0.5178	0.00000	0.0000	0.00000	0.4164	0.00000
397	16531	0.5185	0.00000	0.0000	0.00000	0.4215	0.00000
398	16572	0.5189	0.00000	0.0000	0.00000	0.4215	0.00000
399	16614	0.5147	0.00000	0.0000	0.00000	0.4163	0.00000
400	16655	0.5148	0.00000	0.0000	0.00000	0.4182	0.00000
401	16697	0.5129	0.00000	0.0000	0.00000	0.4223	0.00000
402	16739	0.5243	0.00000	0.0000	0.00000	0.4149	0.00000
403	16780	0.5123	0.00000	0.0000	0.00000	0.4165	0.00000
404	16822	0.5154	0.00000	0.0000	0.00000	0.4185	0.00000
405	16864	0.5184	0.00000	0.0000	0.00000	0.4131	0.00000
406	16905	0.5118	0.00000	0.0000	0.00000	0.4276	0.00000
407	16947	0.5130	0.00000	0.0000	0.00000	0.4236	0.00000
408	16988	0.5089	0.00000	0.0000	0.00000	0.4122	0.00000
409	17030	0.5088	0.00000	0.0000	0.00000	0.4146	0.00000
410	17072	0.5055	0.00000	0.0000	0.00000	0.4135	0.00000
411	17114	0.5108	0.00000	0.0000	0.00000	0.4120	0.00000
412	17155	0.5111	0.00000	0.0000	0.00000	0.4142	0.00000
413	17197	0.5058	0.00000	0.0000	0.00000	0.4089	0.00000
414	17239	0.5027	0.00000	0.0000	0.00000	0.4045	0.00000
415	17280	0.5059	0.00000	0.0000	0.00000	0.4128	0.00000
416	17322	0.5026	0.00000	0.0000	0.00000	0.4076	0.00000
417	17364	0.5049	0.00000	0.0000	0.00000	0.4081	0.00000
418	17405	0.5018	0.00000	0.0000	0.00000	0.4056	0.00000
419	17447	0.5015	0.00000	0.0000	0.00000	0.4071	0.00000
420	17489	0.4992	0.00000	0.0000	0.00000	0.4029	0.00000
421	17531	0.4952	0.00000	0.0000	0.00000	0.4055	0.00000
422	17572	0.5013	0.00000	0.0000	0.00000	0.4101	0.00000
423	17614	0.4996	0.00000	0.0000	0.00000	0.4007	0.00000
424	17656	0.4967	0.00000	0.0000	0.00000	0.4012	0.00000
425	17697	0.4953	0.00000	0.0000	0.00000	0.4048	0.00000
426	17739	0.4997	0.00000	0.0000	0.00000	0.4054	0.00000
427	17780	0.4913	0.00000	0.0000	0.00000	0.4026	0.00000
428	17822	0.4911	0.00000	0.0000	0.00000	0.4015	0.00000
429	17864	0.4931	0.00000	0.0000	0.00000	0.3975	0.00000
430	17905	0.4923	0.00000	0.0000	0.00000	0.4070	0.00000
431	17947	0.4913	0.00000	0.0000	0.00000	0.3956	0.00000
432	17988	0.4963	0.00000	0.0000	0.00000	0.3986	0.00000
433	18030	0.4938	0.00000	0.0000	0.00000	0.3946	0.00000
434	18071	0.4974	0.00000	0.0000	0.00000	0.3946	0.00000
435	18113	0.4860	0.00000	0.0000	0.00000	0.3934	0.00000
436	18154	0.4886	0.00000	0.0000	0.00000	0.3999	0.00000
437	18196	0.4853	0.00000	0.0000	0.00000	0.4013	0.00000
438	18237	0.4859	0.00000	0.0000	0.00000	0.3951	0.00000
439	18279	0.4833	0.00000	0.0000	0.00000	0.3998	0.00000
440	18320	0.4824	0.00000	0.0000	0.00000	0.3999	0.00000
441	18362	0.4891	0.00000	0.0000	0.00000	0.3953	0.00000
442	18403	0.4869	0.00000	0.0000	0.00000	0.3886	0.00000
443	18445	0.4831	0.00000	0.0000	0.00000	0.3898	0.00000
444	18486	0.4856	0.00000	0.0000	0.00000	0.3952	0.00000
445	18528	0.4854	0.00000	0.0000	0.00000	0.3863	0.00000
446	18570	0.4761	0.00000	0.0000	0.00000	0.3990	0.00000
447	18611	0.4772	0.00000	0.0000	0.00000	0.3896	0.00000
448	18653	0.4765	0.00000	0.0000	0.00000	0.3903	0.00000
449	18694	0.4820	0.00000	0.0000	0.00000	0.3865	0.00000
450	18736	0.4744	0.00000	0.0000	0.00000	0.4085	0.00000
451	18777	0.4801	0.00000	0.0000	0.00000	0.3879	0.00000
452	18819	0.4791	0.00000	0.0000	0.00000	0.3854	0.00000
453	18861	0.4785	0.00000	0.0000	0.00000	0.3866	0.00000
454	18902	0.4771	0.00000	0.0000	0.00000	0.3875	0.00000
455	18944	0.4768	0.00000	0.0000	0.00000	0.3882	0.00000
456	18985	0.4751	0.00000	0.0000	0.00000	0.3842	0.00000
457	19027	0.4764	0.00000	0.0000	0.00000	0.3934	0.00000
458	19068	0.4702	0.00000	0.0000	0.00000	0.3880	0.00000
459	19110	0.4731	0.00000	0.0000	0.00000	0.3820	0.00000
460	19152	0.4723	0.00000	0.0000	0.00000	0.3872	0.00000
461	19193	0.4702	0.00000	0.0000	0.00000	0.3923	0.00000
462	19235	0.4678	0.00000	0.0000	0.00000	0.3893	0.00000
463	19276	0.4700	0.00000	0.0000	0.00000	0.3954	0.00000
464	19318	0.4715	0.00000	0.0000	0.00000	0.3861	0.00000
465	19359	0.4668	0.00000	0.0000	0.00000	0.3794	0.00000
466	19401	0.4635	0.00000	0.0000	0.00000	0.3830	0.00000
467	19443	0.4671	0.00000	0.0000	0.00000	0.3818	0.00000
468	19484	0.4611	0.00000	0.0000	0.00000	0.3853	0.00000
469	19526	0.4657	0.00000	0.0000	0.00000	0.3846	0.00000
470	19567	0.4626	0.00000	0.0000	0.00000	0.3781	0.00000
471	19609	0.4630	0.00000	0.0000	0.00000	0.3925	0.00000
472	19650	0.4623	0.00000	0.0000	0.00000	0.3863	0.00000
473	19692	0.4601	0.00000	0.0000	0.00000	0.3857	0.00000
474	19734	0.4609	0.00000	0.0000	0.00000	0.3805	0.00000
475	19775	0.4629	0.00000	0.0000	0.00000	0.3812	0.00000
476	19817	0.4657	0.00000	0.0000	0.00000	0.3771	0.00000
477	19858	0.4651	0.00000	0.0000	0.00000	0.3846	0.00000
478	19900	0.4609	0.00000	0.0000	0.00000	0.3784	0.00000
479	19942	0.4573	0.00000	0.0000	0.00000	0.3823	0.00000
480	19983	0.4567	0.00000	0.0000	0.00000	0.3781	0.00000
481	20025	0.4616	0.00000	0.0000	0.00000	0.3809	0.00000
482	20066	0.4587	0.00000	0.0000	0.00000	0.3745	0.00000
483	20108	0.4571	0.00000	0.0000	0.00000	0.3776	0.00000
484	20149	0.4539	0.00000	0.0000	0.00000	0.3774	0.00000
485	20191	0.4590	0.00000	0.0000	0.00000	0.3785	0.00000
486	20233	0.4555	0.00000	0.0000	0.00000	0.3761	0.00000
487	20274	0.4551	0.00000	0.0000	0.00000	0.3736	0.00000
488	20316	0.4539	0.00000	0.0000	0.00000	0.3804	0.00000
489	20357	0.4499	0.00000	0.0000	0.00000	0.3764	0.00000
490	20399	0.4542	0.00000	0.0000	0.00000	0.3736	0.00000
491	20441	0.4509	0.00000	0.0000	0.00000	0.3731	0.00000
492	20482	0.4526	0.00000	0.0000	0.00000	0.3642	0.00000
493	20524	0.4542	0.00000	0.0000	0.00000	0.3693	0.00000
494	20566	0.4480	0.00000	0.0000	0.00000	0.3817	0.00000
495	20607	0.4510	0.00000	0.0000	0.00000	0.3708	0.00000
496	20649	0.4420	0.00000	0.0000	0.00000	0.3704	0.00000
497	20691	0.4429	0.00000	0.0000	0.00000	0.3706	0.00000
498	20732	0.4487	0.00000	0.0000	0.00000	0.3729	0.00000
499	20774	0.4481	0.00000	0.0000	0.00000	0.3760	0.00000
