epoch	time	train_nll	train_acc	valid_nll	valid_acc	test_nll	test_acc
0	42	2.2082	0.00000	0.0000	0.00000	2.5700	0.00000
1	85	1.9636	0.00000	0.0000	0.00000	2.3005	0.00000
2	127	1.8587	0.00000	0.0000	0.00000	1.9669	0.00000
3	170	1.7874	0.00000	0.0000	0.00000	1.7785	0.00000
4	212	1.7261	0.00000	0.0000	0.00000	1.6437	0.00000
5	255	1.6652	0.00000	0.0000	0.00000	1.5140	0.00000
6	297	1.6006	0.00000	0.0000	0.00000	1.4240	0.00000
7	340	1.5467	0.00000	0.0000	0.00000	1.3818	0.00000
8	383	1.4955	0.00000	0.0000	0.00000	1.2938	0.00000
9	425	1.4330	0.00000	0.0000	0.00000	1.1684	0.00000
10	468	1.3758	0.00000	0.0000	0.00000	1.1281	0.00000
11	510	1.3317	0.00000	0.0000	0.00000	1.1398	0.00000
12	552	1.2890	0.00000	0.0000	0.00000	1.0313	0.00000
13	595	1.2464	0.00000	0.0000	0.00000	1.0160	0.00000
14	637	1.2138	0.00000	0.0000	0.00000	0.9876	0.00000
15	679	1.1750	0.00000	0.0000	0.00000	0.9697	0.00000
16	721	1.1466	0.00000	0.0000	0.00000	1.0044	0.00000
17	764	1.1185	0.00000	0.0000	0.00000	0.8840	0.00000
18	806	1.0927	0.00000	0.0000	0.00000	0.9524	0.00000
19	848	1.0629	0.00000	0.0000	0.00000	0.8618	0.00000
20	890	1.0420	0.00000	0.0000	0.00000	0.8694	0.00000
21	933	1.0212	0.00000	0.0000	0.00000	0.8500	0.00000
22	975	0.9994	0.00000	0.0000	0.00000	0.8207	0.00000
23	1018	0.9877	0.00000	0.0000	0.00000	0.7806	0.00000
24	1060	0.9710	0.00000	0.0000	0.00000	0.7497	0.00000
25	1102	0.9480	0.00000	0.0000	0.00000	0.7742	0.00000
26	1145	0.9341	0.00000	0.0000	0.00000	0.7352	0.00000
27	1187	0.9106	0.00000	0.0000	0.00000	0.7240	0.00000
28	1229	0.9069	0.00000	0.0000	0.00000	0.7163	0.00000
29	1272	0.8802	0.00000	0.0000	0.00000	0.6839	0.00000
30	1314	0.8691	0.00000	0.0000	0.00000	0.7007	0.00000
31	1356	0.8562	0.00000	0.0000	0.00000	0.7033	0.00000
32	1399	0.8426	0.00000	0.0000	0.00000	0.6475	0.00000
33	1441	0.8293	0.00000	0.0000	0.00000	0.6583	0.00000
34	1483	0.8150	0.00000	0.0000	0.00000	0.6439	0.00000
35	1526	0.8036	0.00000	0.0000	0.00000	0.6075	0.00000
36	1568	0.7846	0.00000	0.0000	0.00000	0.6152	0.00000
37	1610	0.7783	0.00000	0.0000	0.00000	0.5745	0.00000
38	1652	0.7613	0.00000	0.0000	0.00000	0.5899	0.00000
39	1695	0.7516	0.00000	0.0000	0.00000	0.5735	0.00000
40	1737	0.7395	0.00000	0.0000	0.00000	0.5614	0.00000
41	1779	0.7335	0.00000	0.0000	0.00000	0.5481	0.00000
42	1822	0.7266	0.00000	0.0000	0.00000	0.5376	0.00000
43	1864	0.7096	0.00000	0.0000	0.00000	0.5399	0.00000
44	1906	0.7125	0.00000	0.0000	0.00000	0.5230	0.00000
45	1948	0.7000	0.00000	0.0000	0.00000	0.5216	0.00000
46	1991	0.6884	0.00000	0.0000	0.00000	0.5185	0.00000
47	2033	0.6829	0.00000	0.0000	0.00000	0.5237	0.00000
48	2075	0.6704	0.00000	0.0000	0.00000	0.5599	0.00000
49	2118	0.6637	0.00000	0.0000	0.00000	0.5119	0.00000
50	2160	0.6580	0.00000	0.0000	0.00000	0.5020	0.00000
51	2202	0.6494	0.00000	0.0000	0.00000	0.5230	0.00000
52	2245	0.6442	0.00000	0.0000	0.00000	0.5285	0.00000
53	2287	0.6389	0.00000	0.0000	0.00000	0.4967	0.00000
54	2329	0.6382	0.00000	0.0000	0.00000	0.4706	0.00000
55	2372	0.6290	0.00000	0.0000	0.00000	0.4663	0.00000
56	2414	0.6218	0.00000	0.0000	0.00000	0.4801	0.00000
57	2456	0.6179	0.00000	0.0000	0.00000	0.5098	0.00000
58	2499	0.6117	0.00000	0.0000	0.00000	0.4651	0.00000
59	2541	0.6046	0.00000	0.0000	0.00000	0.4808	0.00000
60	2583	0.5996	0.00000	0.0000	0.00000	0.4411	0.00000
61	2626	0.5932	0.00000	0.0000	0.00000	0.4405	0.00000
62	2668	0.5852	0.00000	0.0000	0.00000	0.4350	0.00000
63	2710	0.5810	0.00000	0.0000	0.00000	0.4459	0.00000
64	2753	0.5847	0.00000	0.0000	0.00000	0.4810	0.00000
65	2795	0.5722	0.00000	0.0000	0.00000	0.4636	0.00000
66	2837	0.5685	0.00000	0.0000	0.00000	0.4594	0.00000
67	2879	0.5640	0.00000	0.0000	0.00000	0.4433	0.00000
68	2922	0.5627	0.00000	0.0000	0.00000	0.4324	0.00000
69	2964	0.5581	0.00000	0.0000	0.00000	0.4258	0.00000
70	3006	0.5512	0.00000	0.0000	0.00000	0.4227	0.00000
71	3049	0.5437	0.00000	0.0000	0.00000	0.4227	0.00000
72	3091	0.5446	0.00000	0.0000	0.00000	0.4075	0.00000
73	3133	0.5351	0.00000	0.0000	0.00000	0.4272	0.00000
74	3176	0.5309	0.00000	0.0000	0.00000	0.4142	0.00000
75	3218	0.5283	0.00000	0.0000	0.00000	0.4099	0.00000
76	3260	0.5258	0.00000	0.0000	0.00000	0.4161	0.00000
77	3302	0.5284	0.00000	0.0000	0.00000	0.3979	0.00000
78	3345	0.5214	0.00000	0.0000	0.00000	0.3985	0.00000
79	3387	0.5123	0.00000	0.0000	0.00000	0.3966	0.00000
80	3429	0.5166	0.00000	0.0000	0.00000	0.3903	0.00000
81	3472	0.5105	0.00000	0.0000	0.00000	0.3930	0.00000
82	3514	0.5076	0.00000	0.0000	0.00000	0.3857	0.00000
83	3556	0.5035	0.00000	0.0000	0.00000	0.3948	0.00000
84	3599	0.4998	0.00000	0.0000	0.00000	0.3882	0.00000
85	3641	0.5019	0.00000	0.0000	0.00000	0.3851	0.00000
86	3683	0.4898	0.00000	0.0000	0.00000	0.3828	0.00000
87	3726	0.4883	0.00000	0.0000	0.00000	0.3834	0.00000
88	3768	0.4873	0.00000	0.0000	0.00000	0.3796	0.00000
89	3811	0.4845	0.00000	0.0000	0.00000	0.3748	0.00000
90	3854	0.4827	0.00000	0.0000	0.00000	0.3736	0.00000
91	3896	0.4721	0.00000	0.0000	0.00000	0.3819	0.00000
92	3939	0.4750	0.00000	0.0000	0.00000	0.3619	0.00000
93	3981	0.4735	0.00000	0.0000	0.00000	0.3644	0.00000
94	4024	0.4732	0.00000	0.0000	0.00000	0.3908	0.00000
95	4067	0.4699	0.00000	0.0000	0.00000	0.3993	0.00000
96	4110	0.4611	0.00000	0.0000	0.00000	0.3950	0.00000
97	4153	0.4631	0.00000	0.0000	0.00000	0.3797	0.00000
98	4196	0.4631	0.00000	0.0000	0.00000	0.3501	0.00000
99	4239	0.4555	0.00000	0.0000	0.00000	0.3542	0.00000
100	4282	0.4518	0.00000	0.0000	0.00000	0.3527	0.00000
101	4325	0.4539	0.00000	0.0000	0.00000	0.3549	0.00000
102	4368	0.4457	0.00000	0.0000	0.00000	0.3515	0.00000
103	4411	0.4511	0.00000	0.0000	0.00000	0.3632	0.00000
104	4454	0.4426	0.00000	0.0000	0.00000	0.3633	0.00000
105	4497	0.4436	0.00000	0.0000	0.00000	0.3465	0.00000
106	4539	0.4415	0.00000	0.0000	0.00000	0.3435	0.00000
107	4582	0.4423	0.00000	0.0000	0.00000	0.3478	0.00000
108	4625	0.4384	0.00000	0.0000	0.00000	0.3546	0.00000
109	4668	0.4365	0.00000	0.0000	0.00000	0.3799	0.00000
110	4710	0.4282	0.00000	0.0000	0.00000	0.3616	0.00000
111	4753	0.4291	0.00000	0.0000	0.00000	0.3793	0.00000
112	4795	0.4284	0.00000	0.0000	0.00000	0.3592	0.00000
113	4838	0.4270	0.00000	0.0000	0.00000	0.3329	0.00000
114	4880	0.4294	0.00000	0.0000	0.00000	0.3465	0.00000
115	4923	0.4204	0.00000	0.0000	0.00000	0.3372	0.00000
116	4965	0.4192	0.00000	0.0000	0.00000	0.3372	0.00000
117	5008	0.4187	0.00000	0.0000	0.00000	0.3309	0.00000
118	5050	0.4129	0.00000	0.0000	0.00000	0.3340	0.00000
119	5093	0.4185	0.00000	0.0000	0.00000	0.3363	0.00000
120	5135	0.4119	0.00000	0.0000	0.00000	0.3499	0.00000
121	5177	0.4024	0.00000	0.0000	0.00000	0.3607	0.00000
122	5220	0.4077	0.00000	0.0000	0.00000	0.3317	0.00000
123	5262	0.4074	0.00000	0.0000	0.00000	0.3303	0.00000
124	5305	0.4016	0.00000	0.0000	0.00000	0.3338	0.00000
125	5347	0.4005	0.00000	0.0000	0.00000	0.3317	0.00000
126	5389	0.4034	0.00000	0.0000	0.00000	0.3274	0.00000
127	5432	0.3956	0.00000	0.0000	0.00000	0.3506	0.00000
128	5474	0.3960	0.00000	0.0000	0.00000	0.3488	0.00000
129	5516	0.3886	0.00000	0.0000	0.00000	0.3292	0.00000
130	5559	0.3879	0.00000	0.0000	0.00000	0.3317	0.00000
131	5601	0.3947	0.00000	0.0000	0.00000	0.3317	0.00000
132	5643	0.3902	0.00000	0.0000	0.00000	0.3264	0.00000
133	5686	0.3876	0.00000	0.0000	0.00000	0.3201	0.00000
134	5728	0.3859	0.00000	0.0000	0.00000	0.3465	0.00000
135	5771	0.3851	0.00000	0.0000	0.00000	0.3166	0.00000
136	5813	0.3826	0.00000	0.0000	0.00000	0.3158	0.00000
137	5855	0.3857	0.00000	0.0000	0.00000	0.3338	0.00000
138	5898	0.3822	0.00000	0.0000	0.00000	0.3161	0.00000
139	5940	0.3825	0.00000	0.0000	0.00000	0.3422	0.00000
140	5983	0.3805	0.00000	0.0000	0.00000	0.3370	0.00000
141	6025	0.3741	0.00000	0.0000	0.00000	0.3242	0.00000
142	6067	0.3751	0.00000	0.0000	0.00000	0.3259	0.00000
143	6109	0.3735	0.00000	0.0000	0.00000	0.3189	0.00000
144	6152	0.3689	0.00000	0.0000	0.00000	0.3196	0.00000
145	6194	0.3769	0.00000	0.0000	0.00000	0.3128	0.00000
146	6237	0.3694	0.00000	0.0000	0.00000	0.3106	0.00000
147	6279	0.3674	0.00000	0.0000	0.00000	0.3204	0.00000
148	6321	0.3657	0.00000	0.0000	0.00000	0.3221	0.00000
149	6364	0.3686	0.00000	0.0000	0.00000	0.3094	0.00000
150	6406	0.3645	0.00000	0.0000	0.00000	0.3128	0.00000
151	6449	0.3610	0.00000	0.0000	0.00000	0.3109	0.00000
152	6491	0.3550	0.00000	0.0000	0.00000	0.3200	0.00000
153	6533	0.3609	0.00000	0.0000	0.00000	0.3218	0.00000
154	6576	0.3564	0.00000	0.0000	0.00000	0.3120	0.00000
155	6618	0.3585	0.00000	0.0000	0.00000	0.3080	0.00000
156	6660	0.3581	0.00000	0.0000	0.00000	0.3090	0.00000
157	6703	0.3532	0.00000	0.0000	0.00000	0.3056	0.00000
158	6745	0.3552	0.00000	0.0000	0.00000	0.3057	0.00000
159	6787	0.3464	0.00000	0.0000	0.00000	0.2995	0.00000
160	6830	0.3508	0.00000	0.0000	0.00000	0.3005	0.00000
161	6872	0.3514	0.00000	0.0000	0.00000	0.2988	0.00000
162	6915	0.3465	0.00000	0.0000	0.00000	0.3034	0.00000
163	6957	0.3505	0.00000	0.0000	0.00000	0.3123	0.00000
164	6999	0.3439	0.00000	0.0000	0.00000	0.3119	0.00000
165	7042	0.3447	0.00000	0.0000	0.00000	0.3134	0.00000
166	7084	0.3391	0.00000	0.0000	0.00000	0.3017	0.00000
167	7126	0.3442	0.00000	0.0000	0.00000	0.3176	0.00000
168	7169	0.3401	0.00000	0.0000	0.00000	0.3046	0.00000
169	7211	0.3387	0.00000	0.0000	0.00000	0.3084	0.00000
170	7253	0.3388	0.00000	0.0000	0.00000	0.2982	0.00000
171	7296	0.3380	0.00000	0.0000	0.00000	0.3027	0.00000
172	7338	0.3304	0.00000	0.0000	0.00000	0.3009	0.00000
173	7380	0.3350	0.00000	0.0000	0.00000	0.3035	0.00000
174	7423	0.3358	0.00000	0.0000	0.00000	0.3016	0.00000
175	7465	0.3321	0.00000	0.0000	0.00000	0.2955	0.00000
176	7507	0.3290	0.00000	0.0000	0.00000	0.2926	0.00000
177	7550	0.3349	0.00000	0.0000	0.00000	0.2941	0.00000
178	7592	0.3256	0.00000	0.0000	0.00000	0.2981	0.00000
179	7634	0.3224	0.00000	0.0000	0.00000	0.3107	0.00000
180	7677	0.3255	0.00000	0.0000	0.00000	0.3066	0.00000
181	7719	0.3231	0.00000	0.0000	0.00000	0.3444	0.00000
182	7761	0.3250	0.00000	0.0000	0.00000	0.2923	0.00000
183	7804	0.3211	0.00000	0.0000	0.00000	0.2905	0.00000
184	7846	0.3207	0.00000	0.0000	0.00000	0.2965	0.00000
185	7888	0.3156	0.00000	0.0000	0.00000	0.2962	0.00000
186	7931	0.3195	0.00000	0.0000	0.00000	0.2960	0.00000
187	7973	0.3253	0.00000	0.0000	0.00000	0.2907	0.00000
188	8016	0.3175	0.00000	0.0000	0.00000	0.2950	0.00000
189	8058	0.3180	0.00000	0.0000	0.00000	0.2858	0.00000
190	8100	0.3144	0.00000	0.0000	0.00000	0.2923	0.00000
191	8143	0.3180	0.00000	0.0000	0.00000	0.2967	0.00000
192	8185	0.3134	0.00000	0.0000	0.00000	0.2955	0.00000
193	8227	0.3095	0.00000	0.0000	0.00000	0.3033	0.00000
194	8270	0.3109	0.00000	0.0000	0.00000	0.3016	0.00000
195	8312	0.3101	0.00000	0.0000	0.00000	0.2888	0.00000
196	8354	0.3138	0.00000	0.0000	0.00000	0.3040	0.00000
197	8397	0.3102	0.00000	0.0000	0.00000	0.2883	0.00000
198	8439	0.3057	0.00000	0.0000	0.00000	0.2822	0.00000
199	8481	0.3087	0.00000	0.0000	0.00000	0.2888	0.00000
200	8524	0.3021	0.00000	0.0000	0.00000	0.2804	0.00000
201	8566	0.3091	0.00000	0.0000	0.00000	0.2809	0.00000
202	8609	0.2998	0.00000	0.0000	0.00000	0.2864	0.00000
203	8651	0.3039	0.00000	0.0000	0.00000	0.2819	0.00000
204	8694	0.3043	0.00000	0.0000	0.00000	0.2983	0.00000
205	8736	0.3040	0.00000	0.0000	0.00000	0.2912	0.00000
206	8778	0.3047	0.00000	0.0000	0.00000	0.2950	0.00000
207	8821	0.2988	0.00000	0.0000	0.00000	0.2776	0.00000
208	8863	0.3033	0.00000	0.0000	0.00000	0.2932	0.00000
209	8905	0.3011	0.00000	0.0000	0.00000	0.2790	0.00000
210	8948	0.2969	0.00000	0.0000	0.00000	0.2920	0.00000
211	8990	0.2971	0.00000	0.0000	0.00000	0.2909	0.00000
212	9033	0.2994	0.00000	0.0000	0.00000	0.2743	0.00000
213	9075	0.2959	0.00000	0.0000	0.00000	0.2899	0.00000
214	9117	0.2948	0.00000	0.0000	0.00000	0.2830	0.00000
215	9160	0.2900	0.00000	0.0000	0.00000	0.2810	0.00000
216	9202	0.2925	0.00000	0.0000	0.00000	0.2927	0.00000
217	9245	0.2904	0.00000	0.0000	0.00000	0.2767	0.00000
218	9287	0.2924	0.00000	0.0000	0.00000	0.2800	0.00000
219	9329	0.2893	0.00000	0.0000	0.00000	0.2877	0.00000
220	9372	0.2870	0.00000	0.0000	0.00000	0.2904	0.00000
221	9414	0.2900	0.00000	0.0000	0.00000	0.2801	0.00000
222	9456	0.2853	0.00000	0.0000	0.00000	0.2863	0.00000
223	9499	0.2848	0.00000	0.0000	0.00000	0.2898	0.00000
224	9541	0.2859	0.00000	0.0000	0.00000	0.2955	0.00000
225	9583	0.2817	0.00000	0.0000	0.00000	0.2790	0.00000
226	9626	0.2814	0.00000	0.0000	0.00000	0.2872	0.00000
227	9668	0.2866	0.00000	0.0000	0.00000	0.2807	0.00000
228	9711	0.2829	0.00000	0.0000	0.00000	0.2794	0.00000
229	9753	0.2848	0.00000	0.0000	0.00000	0.2885	0.00000
230	9795	0.2804	0.00000	0.0000	0.00000	0.2900	0.00000
231	9838	0.2835	0.00000	0.0000	0.00000	0.2826	0.00000
232	9880	0.2754	0.00000	0.0000	0.00000	0.3059	0.00000
233	9922	0.2819	0.00000	0.0000	0.00000	0.2835	0.00000
234	9965	0.2761	0.00000	0.0000	0.00000	0.2762	0.00000
235	10007	0.2777	0.00000	0.0000	0.00000	0.2839	0.00000
236	10049	0.2745	0.00000	0.0000	0.00000	0.2760	0.00000
237	10092	0.2763	0.00000	0.0000	0.00000	0.2829	0.00000
238	10134	0.2768	0.00000	0.0000	0.00000	0.2765	0.00000
239	10177	0.2744	0.00000	0.0000	0.00000	0.2846	0.00000
240	10219	0.2708	0.00000	0.0000	0.00000	0.2822	0.00000
241	10261	0.2722	0.00000	0.0000	0.00000	0.2803	0.00000
242	10304	0.2793	0.00000	0.0000	0.00000	0.2725	0.00000
243	10346	0.2701	0.00000	0.0000	0.00000	0.2770	0.00000
244	10389	0.2677	0.00000	0.0000	0.00000	0.2806	0.00000
245	10431	0.2702	0.00000	0.0000	0.00000	0.2821	0.00000
246	10474	0.2690	0.00000	0.0000	0.00000	0.2725	0.00000
247	10517	0.2725	0.00000	0.0000	0.00000	0.2814	0.00000
248	10560	0.2672	0.00000	0.0000	0.00000	0.2829	0.00000
249	10603	0.2687	0.00000	0.0000	0.00000	0.2790	0.00000
250	10646	0.2655	0.00000	0.0000	0.00000	0.2835	0.00000
251	10689	0.2668	0.00000	0.0000	0.00000	0.2782	0.00000
252	10732	0.2669	0.00000	0.0000	0.00000	0.2679	0.00000
253	10775	0.2627	0.00000	0.0000	0.00000	0.2838	0.00000
254	10818	0.2666	0.00000	0.0000	0.00000	0.2868	0.00000
255	10861	0.2641	0.00000	0.0000	0.00000	0.3010	0.00000
256	10904	0.2631	0.00000	0.0000	0.00000	0.2755	0.00000
257	10947	0.2589	0.00000	0.0000	0.00000	0.2761	0.00000
258	10991	0.2609	0.00000	0.0000	0.00000	0.2882	0.00000
259	11034	0.2571	0.00000	0.0000	0.00000	0.2711	0.00000
260	11077	0.2614	0.00000	0.0000	0.00000	0.2705	0.00000
261	11120	0.2551	0.00000	0.0000	0.00000	0.2729	0.00000
262	11162	0.2629	0.00000	0.0000	0.00000	0.2855	0.00000
263	11205	0.2593	0.00000	0.0000	0.00000	0.2835	0.00000
264	11248	0.2581	0.00000	0.0000	0.00000	0.2772	0.00000
265	11291	0.2530	0.00000	0.0000	0.00000	0.2664	0.00000
266	11334	0.2594	0.00000	0.0000	0.00000	0.2894	0.00000
267	11377	0.2521	0.00000	0.0000	0.00000	0.2833	0.00000
268	11419	0.2548	0.00000	0.0000	0.00000	0.2739	0.00000
269	11462	0.2520	0.00000	0.0000	0.00000	0.2711	0.00000
270	11505	0.2549	0.00000	0.0000	0.00000	0.2751	0.00000
271	11548	0.2485	0.00000	0.0000	0.00000	0.2737	0.00000
272	11590	0.2512	0.00000	0.0000	0.00000	0.2663	0.00000
273	11633	0.2510	0.00000	0.0000	0.00000	0.2727	0.00000
274	11676	0.2549	0.00000	0.0000	0.00000	0.2786	0.00000
275	11719	0.2524	0.00000	0.0000	0.00000	0.2755	0.00000
276	11761	0.2498	0.00000	0.0000	0.00000	0.3010	0.00000
277	11804	0.2499	0.00000	0.0000	0.00000	0.2750	0.00000
278	11847	0.2491	0.00000	0.0000	0.00000	0.2820	0.00000
279	11889	0.2490	0.00000	0.0000	0.00000	0.2708	0.00000
280	11932	0.2443	0.00000	0.0000	0.00000	0.2741	0.00000
281	11975	0.2460	0.00000	0.0000	0.00000	0.2666	0.00000
282	12018	0.2432	0.00000	0.0000	0.00000	0.2685	0.00000
283	12060	0.2459	0.00000	0.0000	0.00000	0.2793	0.00000
284	12103	0.2424	0.00000	0.0000	0.00000	0.2714	0.00000
285	12146	0.2465	0.00000	0.0000	0.00000	0.2716	0.00000
286	12188	0.2429	0.00000	0.0000	0.00000	0.2811	0.00000
287	12231	0.2428	0.00000	0.0000	0.00000	0.2674	0.00000
288	12274	0.2484	0.00000	0.0000	0.00000	0.2714	0.00000
289	12316	0.2365	0.00000	0.0000	0.00000	0.3025	0.00000
290	12359	0.2416	0.00000	0.0000	0.00000	0.2830	0.00000
291	12402	0.2441	0.00000	0.0000	0.00000	0.2724	0.00000
292	12445	0.2401	0.00000	0.0000	0.00000	0.2710	0.00000
293	12487	0.2379	0.00000	0.0000	0.00000	0.2697	0.00000
294	12530	0.2406	0.00000	0.0000	0.00000	0.2725	0.00000
295	12573	0.2413	0.00000	0.0000	0.00000	0.2725	0.00000
296	12615	0.2347	0.00000	0.0000	0.00000	0.2764	0.00000
297	12658	0.2362	0.00000	0.0000	0.00000	0.2863	0.00000
298	12701	0.2383	0.00000	0.0000	0.00000	0.2893	0.00000
299	12743	0.2350	0.00000	0.0000	0.00000	0.2680	0.00000
300	12786	0.2329	0.00000	0.0000	0.00000	0.2902	0.00000
301	12829	0.2351	0.00000	0.0000	0.00000	0.2797	0.00000
302	12872	0.2370	0.00000	0.0000	0.00000	0.2676	0.00000
303	12915	0.2343	0.00000	0.0000	0.00000	0.2694	0.00000
304	12957	0.2341	0.00000	0.0000	0.00000	0.2695	0.00000
305	13000	0.2335	0.00000	0.0000	0.00000	0.2658	0.00000
306	13043	0.2318	0.00000	0.0000	0.00000	0.2797	0.00000
307	13086	0.2330	0.00000	0.0000	0.00000	0.2686	0.00000
308	13128	0.2284	0.00000	0.0000	0.00000	0.2615	0.00000
309	13171	0.2305	0.00000	0.0000	0.00000	0.2631	0.00000
310	13214	0.2308	0.00000	0.0000	0.00000	0.2760	0.00000
311	13257	0.2316	0.00000	0.0000	0.00000	0.2681	0.00000
312	13300	0.2273	0.00000	0.0000	0.00000	0.2783	0.00000
313	13343	0.2351	0.00000	0.0000	0.00000	0.2741	0.00000
314	13385	0.2274	0.00000	0.0000	0.00000	0.2663	0.00000
315	13428	0.2189	0.00000	0.0000	0.00000	0.2820	0.00000
316	13471	0.2304	0.00000	0.0000	0.00000	0.2735	0.00000
317	13514	0.2279	0.00000	0.0000	0.00000	0.2688	0.00000
318	13556	0.2271	0.00000	0.0000	0.00000	0.2738	0.00000
319	13599	0.2257	0.00000	0.0000	0.00000	0.2605	0.00000
320	13642	0.2247	0.00000	0.0000	0.00000	0.2651	0.00000
321	13685	0.2259	0.00000	0.0000	0.00000	0.2640	0.00000
322	13728	0.2240	0.00000	0.0000	0.00000	0.2683	0.00000
323	13771	0.2231	0.00000	0.0000	0.00000	0.2618	0.00000
324	13813	0.2228	0.00000	0.0000	0.00000	0.2817	0.00000
325	13856	0.2186	0.00000	0.0000	0.00000	0.2638	0.00000
326	13899	0.2210	0.00000	0.0000	0.00000	0.2747	0.00000
327	13942	0.2227	0.00000	0.0000	0.00000	0.2568	0.00000
328	13985	0.2184	0.00000	0.0000	0.00000	0.2705	0.00000
329	14027	0.2192	0.00000	0.0000	0.00000	0.2626	0.00000
330	14070	0.2191	0.00000	0.0000	0.00000	0.2844	0.00000
331	14113	0.2203	0.00000	0.0000	0.00000	0.2724	0.00000
332	14156	0.2223	0.00000	0.0000	0.00000	0.2663	0.00000
333	14199	0.2194	0.00000	0.0000	0.00000	0.2662	0.00000
334	14242	0.2211	0.00000	0.0000	0.00000	0.2664	0.00000
335	14284	0.2220	0.00000	0.0000	0.00000	0.2585	0.00000
336	14327	0.2186	0.00000	0.0000	0.00000	0.2712	0.00000
337	14370	0.2228	0.00000	0.0000	0.00000	0.2598	0.00000
338	14413	0.2163	0.00000	0.0000	0.00000	0.2568	0.00000
339	14456	0.2170	0.00000	0.0000	0.00000	0.2605	0.00000
340	14498	0.2150	0.00000	0.0000	0.00000	0.2676	0.00000
341	14541	0.2152	0.00000	0.0000	0.00000	0.2567	0.00000
342	14584	0.2121	0.00000	0.0000	0.00000	0.2707	0.00000
343	14627	0.2138	0.00000	0.0000	0.00000	0.2643	0.00000
344	14669	0.2091	0.00000	0.0000	0.00000	0.2657	0.00000
345	14712	0.2119	0.00000	0.0000	0.00000	0.2683	0.00000
346	14754	0.2106	0.00000	0.0000	0.00000	0.2682	0.00000
347	14797	0.2143	0.00000	0.0000	0.00000	0.2675	0.00000
348	14840	0.2146	0.00000	0.0000	0.00000	0.2793	0.00000
349	14882	0.2086	0.00000	0.0000	0.00000	0.2684	0.00000
350	14925	0.2100	0.00000	0.0000	0.00000	0.2628	0.00000
351	14968	0.2076	0.00000	0.0000	0.00000	0.3001	0.00000
352	15010	0.2129	0.00000	0.0000	0.00000	0.2688	0.00000
353	15053	0.2095	0.00000	0.0000	0.00000	0.2636	0.00000
354	15096	0.2096	0.00000	0.0000	0.00000	0.2586	0.00000
355	15138	0.2059	0.00000	0.0000	0.00000	0.2602	0.00000
356	15181	0.2079	0.00000	0.0000	0.00000	0.2701	0.00000
357	15223	0.2083	0.00000	0.0000	0.00000	0.2674	0.00000
358	15266	0.2109	0.00000	0.0000	0.00000	0.2674	0.00000
359	15308	0.2087	0.00000	0.0000	0.00000	0.2612	0.00000
360	15351	0.2070	0.00000	0.0000	0.00000	0.2608	0.00000
361	15393	0.2023	0.00000	0.0000	0.00000	0.2698	0.00000
362	15436	0.2074	0.00000	0.0000	0.00000	0.2632	0.00000
363	15478	0.2036	0.00000	0.0000	0.00000	0.2566	0.00000
364	15521	0.2060	0.00000	0.0000	0.00000	0.2628	0.00000
365	15563	0.2107	0.00000	0.0000	0.00000	0.2585	0.00000
366	15606	0.2015	0.00000	0.0000	0.00000	0.2602	0.00000
367	15648	0.2034	0.00000	0.0000	0.00000	0.2648	0.00000
368	15691	0.2057	0.00000	0.0000	0.00000	0.2719	0.00000
369	15733	0.1960	0.00000	0.0000	0.00000	0.2566	0.00000
370	15776	0.2015	0.00000	0.0000	0.00000	0.2637	0.00000
371	15818	0.2034	0.00000	0.0000	0.00000	0.2627	0.00000
372	15861	0.2017	0.00000	0.0000	0.00000	0.2653	0.00000
373	15903	0.2056	0.00000	0.0000	0.00000	0.2675	0.00000
374	15946	0.2037	0.00000	0.0000	0.00000	0.2690	0.00000
375	15988	0.2027	0.00000	0.0000	0.00000	0.2582	0.00000
376	16031	0.1966	0.00000	0.0000	0.00000	0.2610	0.00000
377	16073	0.2052	0.00000	0.0000	0.00000	0.2565	0.00000
378	16116	0.2037	0.00000	0.0000	0.00000	0.2617	0.00000
379	16158	0.2019	0.00000	0.0000	0.00000	0.2710	0.00000
380	16201	0.2006	0.00000	0.0000	0.00000	0.2794	0.00000
381	16243	0.1985	0.00000	0.0000	0.00000	0.2653	0.00000
382	16286	0.1945	0.00000	0.0000	0.00000	0.2565	0.00000
383	16328	0.1992	0.00000	0.0000	0.00000	0.2615	0.00000
384	16371	0.2006	0.00000	0.0000	0.00000	0.2670	0.00000
385	16413	0.1963	0.00000	0.0000	0.00000	0.2700	0.00000
386	16456	0.1973	0.00000	0.0000	0.00000	0.2682	0.00000
387	16498	0.1954	0.00000	0.0000	0.00000	0.2604	0.00000
388	16540	0.1940	0.00000	0.0000	0.00000	0.2626	0.00000
389	16583	0.1972	0.00000	0.0000	0.00000	0.2630	0.00000
390	16625	0.1935	0.00000	0.0000	0.00000	0.2667	0.00000
391	16668	0.1914	0.00000	0.0000	0.00000	0.2638	0.00000
392	16710	0.2003	0.00000	0.0000	0.00000	0.2744	0.00000
393	16753	0.1938	0.00000	0.0000	0.00000	0.2721	0.00000
394	16795	0.1950	0.00000	0.0000	0.00000	0.2662	0.00000
395	16838	0.1931	0.00000	0.0000	0.00000	0.2636	0.00000
396	16880	0.1934	0.00000	0.0000	0.00000	0.2557	0.00000
397	16922	0.1933	0.00000	0.0000	0.00000	0.2566	0.00000
398	16965	0.1957	0.00000	0.0000	0.00000	0.2653	0.00000
399	17007	0.1906	0.00000	0.0000	0.00000	0.2694	0.00000
400	17050	0.1891	0.00000	0.0000	0.00000	0.2518	0.00000
401	17092	0.1954	0.00000	0.0000	0.00000	0.2592	0.00000
402	17135	0.1899	0.00000	0.0000	0.00000	0.2568	0.00000
403	17177	0.1917	0.00000	0.0000	0.00000	0.2873	0.00000
404	17219	0.1885	0.00000	0.0000	0.00000	0.2668	0.00000
405	17262	0.1911	0.00000	0.0000	0.00000	0.2670	0.00000
406	17304	0.1904	0.00000	0.0000	0.00000	0.2575	0.00000
407	17347	0.1914	0.00000	0.0000	0.00000	0.2678	0.00000
408	17389	0.1839	0.00000	0.0000	0.00000	0.2688	0.00000
409	17432	0.1909	0.00000	0.0000	0.00000	0.2698	0.00000
410	17474	0.1838	0.00000	0.0000	0.00000	0.2683	0.00000
411	17517	0.1893	0.00000	0.0000	0.00000	0.2654	0.00000
412	17559	0.1833	0.00000	0.0000	0.00000	0.2551	0.00000
413	17601	0.1867	0.00000	0.0000	0.00000	0.2587	0.00000
414	17644	0.1878	0.00000	0.0000	0.00000	0.2540	0.00000
415	17686	0.1858	0.00000	0.0000	0.00000	0.2737	0.00000
416	17729	0.1858	0.00000	0.0000	0.00000	0.2643	0.00000
417	17771	0.1877	0.00000	0.0000	0.00000	0.2611	0.00000
418	17814	0.1818	0.00000	0.0000	0.00000	0.2563	0.00000
419	17856	0.1856	0.00000	0.0000	0.00000	0.2599	0.00000
420	17899	0.1848	0.00000	0.0000	0.00000	0.2652	0.00000
421	17941	0.1888	0.00000	0.0000	0.00000	0.2661	0.00000
422	17984	0.1854	0.00000	0.0000	0.00000	0.2570	0.00000
423	18026	0.1809	0.00000	0.0000	0.00000	0.2631	0.00000
424	18068	0.1835	0.00000	0.0000	0.00000	0.2611	0.00000
425	18111	0.1826	0.00000	0.0000	0.00000	0.2562	0.00000
426	18153	0.1849	0.00000	0.0000	0.00000	0.2724	0.00000
427	18196	0.1840	0.00000	0.0000	0.00000	0.2727	0.00000
428	18238	0.1837	0.00000	0.0000	0.00000	0.2646	0.00000
429	18281	0.1804	0.00000	0.0000	0.00000	0.2577	0.00000
430	18323	0.1813	0.00000	0.0000	0.00000	0.2598	0.00000
431	18365	0.1802	0.00000	0.0000	0.00000	0.2544	0.00000
432	18408	0.1810	0.00000	0.0000	0.00000	0.2541	0.00000
433	18450	0.1789	0.00000	0.0000	0.00000	0.2665	0.00000
434	18493	0.1855	0.00000	0.0000	0.00000	0.2632	0.00000
435	18535	0.1768	0.00000	0.0000	0.00000	0.2569	0.00000
436	18578	0.1772	0.00000	0.0000	0.00000	0.2589	0.00000
437	18620	0.1797	0.00000	0.0000	0.00000	0.2569	0.00000
438	18663	0.1822	0.00000	0.0000	0.00000	0.2587	0.00000
439	18705	0.1790	0.00000	0.0000	0.00000	0.2606	0.00000
440	18747	0.1758	0.00000	0.0000	0.00000	0.2582	0.00000
441	18790	0.1783	0.00000	0.0000	0.00000	0.2508	0.00000
442	18832	0.1791	0.00000	0.0000	0.00000	0.2532	0.00000
443	18875	0.1756	0.00000	0.0000	0.00000	0.2606	0.00000
444	18917	0.1772	0.00000	0.0000	0.00000	0.2610	0.00000
445	18960	0.1752	0.00000	0.0000	0.00000	0.2841	0.00000
446	19002	0.1735	0.00000	0.0000	0.00000	0.2574	0.00000
447	19045	0.1762	0.00000	0.0000	0.00000	0.2539	0.00000
448	19087	0.1778	0.00000	0.0000	0.00000	0.2646	0.00000
449	19130	0.1758	0.00000	0.0000	0.00000	0.2539	0.00000
450	19172	0.1773	0.00000	0.0000	0.00000	0.2622	0.00000
451	19215	0.1722	0.00000	0.0000	0.00000	0.2573	0.00000
452	19257	0.1734	0.00000	0.0000	0.00000	0.2632	0.00000
453	19300	0.1694	0.00000	0.0000	0.00000	0.2691	0.00000
454	19342	0.1768	0.00000	0.0000	0.00000	0.2596	0.00000
455	19385	0.1731	0.00000	0.0000	0.00000	0.2555	0.00000
456	19427	0.1744	0.00000	0.0000	0.00000	0.2662	0.00000
457	19470	0.1740	0.00000	0.0000	0.00000	0.2611	0.00000
458	19512	0.1700	0.00000	0.0000	0.00000	0.2590	0.00000
459	19555	0.1674	0.00000	0.0000	0.00000	0.2613	0.00000
460	19597	0.1711	0.00000	0.0000	0.00000	0.2612	0.00000
461	19639	0.1727	0.00000	0.0000	0.00000	0.2692	0.00000
462	19682	0.1695	0.00000	0.0000	0.00000	0.2547	0.00000
463	19724	0.1706	0.00000	0.0000	0.00000	0.2588	0.00000
464	19767	0.1693	0.00000	0.0000	0.00000	0.2525	0.00000
465	19809	0.1728	0.00000	0.0000	0.00000	0.2556	0.00000
466	19851	0.1728	0.00000	0.0000	0.00000	0.2650	0.00000
467	19894	0.1678	0.00000	0.0000	0.00000	0.2598	0.00000
468	19936	0.1683	0.00000	0.0000	0.00000	0.2625	0.00000
469	19979	0.1674	0.00000	0.0000	0.00000	0.2598	0.00000
470	20021	0.1681	0.00000	0.0000	0.00000	0.2521	0.00000
471	20064	0.1699	0.00000	0.0000	0.00000	0.2706	0.00000
472	20106	0.1697	0.00000	0.0000	0.00000	0.2709	0.00000
473	20148	0.1699	0.00000	0.0000	0.00000	0.2532	0.00000
474	20191	0.1643	0.00000	0.0000	0.00000	0.2577	0.00000
475	20233	0.1713	0.00000	0.0000	0.00000	0.2561	0.00000
476	20276	0.1696	0.00000	0.0000	0.00000	0.2567	0.00000
477	20318	0.1680	0.00000	0.0000	0.00000	0.2761	0.00000
478	20361	0.1677	0.00000	0.0000	0.00000	0.2562	0.00000
479	20403	0.1663	0.00000	0.0000	0.00000	0.2639	0.00000
480	20445	0.1682	0.00000	0.0000	0.00000	0.2590	0.00000
481	20488	0.1654	0.00000	0.0000	0.00000	0.2574	0.00000
482	20530	0.1628	0.00000	0.0000	0.00000	0.2583	0.00000
483	20573	0.1664	0.00000	0.0000	0.00000	0.2758	0.00000
484	20615	0.1653	0.00000	0.0000	0.00000	0.2572	0.00000
485	20657	0.1684	0.00000	0.0000	0.00000	0.2566	0.00000
486	20700	0.1645	0.00000	0.0000	0.00000	0.2700	0.00000
487	20742	0.1670	0.00000	0.0000	0.00000	0.2598	0.00000
488	20785	0.1597	0.00000	0.0000	0.00000	0.2651	0.00000
489	20827	0.1631	0.00000	0.0000	0.00000	0.2572	0.00000
490	20869	0.1618	0.00000	0.0000	0.00000	0.2630	0.00000
491	20912	0.1620	0.00000	0.0000	0.00000	0.2651	0.00000
492	20954	0.1608	0.00000	0.0000	0.00000	0.2529	0.00000
493	20997	0.1629	0.00000	0.0000	0.00000	0.2666	0.00000
494	21039	0.1631	0.00000	0.0000	0.00000	0.2756	0.00000
495	21081	0.1637	0.00000	0.0000	0.00000	0.2750	0.00000
496	21124	0.1641	0.00000	0.0000	0.00000	0.2609	0.00000
497	21166	0.1587	0.00000	0.0000	0.00000	0.2642	0.00000
498	21209	0.1593	0.00000	0.0000	0.00000	0.2642	0.00000
499	21251	0.1588	0.00000	0.0000	0.00000	0.2707	0.00000
